100
0 3 13.285
0 4 91.71
0 5 74.555
0 6 65.467
0 7 72.598
0 8 31.544
0 9 36.718
0 10 79.13
0 12 52.427
0 13 7.954
0 15 54.649
0 16 83.203
0 17 53.627
0 18 5.73
0 22 89.589
0 23 28.131
0 25 18.696
0 26 67.206
0 27 85.932
0 28 59.694
0 29 28.389
0 30 85.173
0 31 74.927
0 32 67.765
0 33 66.735
0 34 65.396
0 35 56.761
0 36 29.323
0 37 27.723
0 38 15.896
0 39 21.822
0 40 46.115
0 41 10.008
0 42 41.117
0 43 84.73
0 44 45.235
0 47 69.745
0 48 66.486
0 49 68.425
0 50 59.815
0 51 17.679
0 52 92.49
0 53 83.836
0 54 44.259
0 56 57.026
0 57 22.666
0 58 22.713
0 59 64.822
0 60 9.912
0 61 14.406
0 63 15.094
0 64 22.897
0 65 79.998
0 66 65.806
0 67 16.984
0 68 47.549
0 69 30.824
0 70 74.634
0 71 77.473
0 72 60.894
0 73 61.199
0 75 15.651
0 76 68.311
0 77 53.418
0 78 66.568
0 79 39.537
0 80 2.641
0 81 77.476
0 83 47.609
0 84 98.804
0 85 8.857
0 86 72.094
0 88 7.288
0 90 69.206
0 91 59.06
0 92 17.766
0 93 36.257
0 94 1.855
0 95 74.561
0 97 18.711
0 98 81.746
0 99 84.251
3 1 4.704
3 2 20.365
3 4 25.338
3 5 93.633
3 6 20.983
3 7 70.469
3 8 66.272
3 10 14.231
3 11 41.728
3 13 84.009
3 14 6.341
3 15 32.566
3 16 58.042
3 17 98.566
3 18 10.481
3 19 82.523
3 20 51.254
3 22 56.742
3 23 24.978
3 24 17.088
3 25 94.807
3 27 3.558
3 28 15.006
3 29 76.299
3 30 7.15
3 31 90.383
3 32 84.594
3 33 39.036
3 35 71.026
3 36 14.39
3 37 77.188
3 39 48.184
3 40 20.785
3 41 77.925
3 42 73.596
3 43 38.698
3 44 63.554
3 46 2.074
3 47 66.368
3 48 81.903
3 50 93.337
3 51 6.363
3 52 97.071
3 53 20.362
3 54 45.551
3 55 50.708
3 56 20.976
3 57 55.81
3 58 52.218
3 59 43.933
3 60 74.665
3 61 10.052
3 64 68.411
3 65 42.504
3 66 42.445
3 68 59.44
3 70 39.637
3 71 37.484
3 73 59.656
3 74 70.669
3 75 54.8
3 76 10.196
3 78 58.135
3 79 9.748
3 80 9.429
3 81 53.312
3 82 51.247
3 84 94.659
3 85 96.001
3 86 64.838
3 87 21.138
3 88 44.978
3 90 47.46
3 91 46.979
3 92 36.861
3 93 71.181
3 94 9.834
3 95 22.681
3 96 37.17
3 98 82.737
3 99 48.668
4 1 21.158
4 2 45.085
4 5 86.54
4 6 28.109
4 7 36.287
4 8 97.457
4 11 79.705
4 12 47.94
4 13 28.567
4 14 20.225
4 15 86.544
4 18 11.062
4 19 68.339
4 20 2.326
4 22 86.176
4 23 94.112
4 24 86.649
4 25 38.987
4 26 83.422
4 27 42.057
4 29 77.428
4 30 44.824
4 32 89.798
4 33 57.021
4 34 11.324
4 35 54.118
4 36 10.613
4 37 37.156
4 38 4.424
4 39 87.554
4 40 38.347
4 42 62.281
4 43 68.322
4 44 49.836
4 48 23.717
4 49 37.952
4 50 80.649
4 51 67.704
4 52 81.529
4 54 75.553
4 56 92.243
4 57 40.695
4 58 89.431
4 59 27.42
4 60 62.562
4 61 70.088
4 62 76.271
4 63 16.035
4 64 63.468
4 66 75.759
4 67 94.527
4 68 20.058
4 69 40.45
4 70 32.378
4 72 42.34
4 73 18.753
4 74 27.648
4 75 15.482
4 76 99.626
4 77 96.074
4 78 10.739
4 79 80.625
4 80 71.906
4 81 23.103
4 82 88.228
4 83 71.147
4 84 58.544
4 85 51.364
4 86 89.5
4 88 72.789
4 90 79.981
4 91 16.513
4 92 83.54
4 93 86.618
4 94 63.054
4 95 21.147
4 96 75.321
4 97 58.27
4 98 48.639
5 1 5.759
5 2 43.848
5 7 78.739
5 8 13.0
5 9 60.569
5 10 3.173
5 11 0.163
5 12 79.446
5 14 20.946
5 15 92.05
5 16 72.028
5 17 71.602
5 18 96.356
5 19 90.903
5 21 12.289
5 22 67.115
5 23 60.599
5 25 33.219
5 26 21.31
5 27 62.25
5 28 53.433
5 29 3.863
5 30 42.304
5 31 37.824
5 32 56.292
5 33 77.224
5 34 1.654
5 35 19.46
5 36 51.322
5 37 15.081
5 38 5.426
5 40 22.013
5 41 52.738
5 42 85.991
5 43 46.824
5 44 97.645
5 47 16.379
5 48 33.804
5 50 79.335
5 51 85.54
5 52 44.409
5 53 52.544
5 54 45.48
5 55 9.849
5 56 4.27
5 58 77.894
5 59 28.576
5 60 8.611
5 61 73.767
5 62 87.98
5 63 43.288
5 64 32.602
5 65 61.497
5 66 29.601
5 68 40.065
5 69 71.914
5 70 29.345
5 71 86.286
5 72 51.384
5 73 91.101
5 74 81.13
5 75 41.529
5 76 94.414
5 77 57.725
5 78 68.832
5 80 63.177
5 82 96.043
5 83 48.921
5 84 71.16
5 85 47.555
5 86 53.241
5 88 37.753
5 89 98.592
5 90 56.257
5 91 52.06
5 93 89.8
5 94 87.178
5 95 68.28
5 99 40.218
6 1 80.026
6 2 39.58
6 7 79.008
6 8 60.468
6 9 19.134
6 11 6.189
6 12 8.336
6 13 1.093
6 15 75.53
6 16 52.817
6 17 66.841
6 18 72.77
6 20 32.176
6 22 57.228
6 23 48.898
6 26 7.264
6 27 2.482
6 28 36.854
6 29 62.976
6 30 26.852
6 31 31.308
6 32 50.255
6 34 39.367
6 35 76.464
6 36 65.556
6 37 74.714
6 38 18.974
6 39 52.732
6 41 21.351
6 42 44.384
6 43 85.323
6 46 33.484
6 47 19.025
6 48 43.335
6 49 16.538
6 50 41.159
6 51 6.344
6 52 80.786
6 53 47.08
6 54 60.407
6 55 81.725
6 56 93.874
6 57 51.375
6 58 21.797
6 59 68.533
6 60 47.247
6 62 82.848
6 63 47.105
6 64 13.99
6 65 55.943
6 66 62.169
6 67 99.6
6 68 83.451
6 69 16.271
6 70 46.113
6 72 40.538
6 73 58.358
6 74 19.133
6 76 93.276
6 77 12.398
6 78 62.698
6 80 94.386
6 81 67.302
6 82 16.608
6 83 11.105
6 84 14.454
6 85 13.234
6 86 59.648
6 88 16.098
6 89 78.122
6 91 36.65
6 92 82.723
6 94 99.903
6 95 8.624
6 96 10.562
6 97 9.527
6 98 93.8
6 99 76.263
7 2 38.962
7 8 1.715
7 9 90.935
7 10 17.426
7 11 13.812
7 12 10.456
7 13 10.194
7 14 64.049
7 15 8.14
7 17 12.862
7 18 50.41
7 19 96.432
7 20 89.476
7 21 14.653
7 22 9.536
7 23 7.476
7 24 50.601
7 25 94.676
7 26 34.328
7 32 27.98
7 33 26.714
7 34 37.062
7 35 59.887
7 36 65.337
7 37 29.462
7 38 74.129
7 39 34.029
7 41 95.806
7 42 76.455
7 43 73.033
7 45 23.45
7 47 31.867
7 48 10.717
7 50 16.734
7 51 0.567
7 52 46.673
7 53 40.02
7 54 99.191
7 55 27.606
7 56 31.816
7 57 88.103
7 58 41.111
7 59 53.083
7 61 42.959
7 62 90.307
7 63 18.734
7 64 31.419
7 66 0.912
7 67 84.944
7 68 0.289
7 69 34.922
7 70 58.05
7 71 54.35
7 73 50.048
7 74 92.126
7 75 67.8
7 76 30.121
7 77 68.033
7 78 25.489
7 79 53.361
7 80 86.089
7 81 99.569
7 82 19.044
7 83 50.062
7 84 27.4
7 85 57.942
7 86 5.09
7 87 25.572
7 88 83.142
7 89 12.205
7 91 55.696
7 92 61.899
7 93 27.777
7 95 87.196
7 97 83.688
7 98 84.963
7 99 64.993
8 1 38.143
8 2 8.275
8 9 81.418
8 10 56.529
8 11 11.558
8 12 39.447
8 13 3.863
8 14 73.98
8 15 65.305
8 16 37.972
8 17 15.968
8 18 52.131
8 19 71.455
8 20 21.295
8 21 36.634
8 23 76.893
8 24 31.576
8 25 18.42
8 26 66.613
8 27 42.569
8 28 75.467
8 29 90.337
8 30 37.087
8 31 16.291
8 32 11.554
8 33 81.343
8 34 92.679
8 35 24.607
8 36 9.156
8 37 67.211
8 38 76.147
8 40 72.154
8 42 26.822
8 43 33.817
8 44 27.917
8 45 71.996
8 46 95.36
8 47 38.808
8 48 72.39
8 49 76.606
8 50 74.727
8 51 52.629
8 52 77.775
8 53 68.024
8 54 93.171
8 55 38.086
8 56 73.289
8 57 82.478
8 58 96.615
8 59 85.753
8 60 51.046
8 61 10.925
8 62 19.861
8 63 4.958
8 64 40.892
8 65 80.561
8 66 97.344
8 67 46.932
8 68 61.804
8 69 86.689
8 70 59.626
8 71 45.307
8 72 37.632
8 73 32.516
8 74 20.854
8 75 61.195
8 77 74.796
8 78 31.044
8 80 36.582
8 81 47.398
8 82 7.967
8 83 16.882
8 84 41.725
8 86 22.129
8 87 7.82
8 88 90.532
8 89 34.164
8 91 15.838
8 92 25.076
8 93 12.144
8 94 12.218
8 95 0.705
8 96 26.96
8 98 39.626
8 99 94.088
9 1 24.392
9 10 36.574
9 11 11.951
9 14 23.423
9 15 59.06
9 16 33.647
9 17 1.77
9 18 2.304
9 20 11.401
9 21 34.328
9 22 65.934
9 23 12.908
9 24 46.362
9 25 3.673
9 26 97.194
9 27 81.187
9 28 30.31
9 29 84.755
9 30 86.577
9 31 10.312
9 34 33.585
9 35 2.118
9 36 89.188
9 38 34.297
9 39 74.104
9 40 55.851
9 41 20.421
9 42 40.423
9 43 66.883
9 44 81.877
9 45 29.35
9 46 22.518
9 47 41.447
9 48 82.522
9 49 32.237
9 51 34.25
9 52 60.355
9 53 74.642
9 54 74.721
9 56 31.928
9 57 71.523
9 58 29.2
9 59 9.124
9 60 43.946
9 61 59.855
9 62 79.867
9 63 49.114
9 64 28.042
9 65 37.021
9 66 41.769
9 67 98.527
9 68 17.791
9 69 8.934
9 70 97.161
9 72 42.146
9 73 33.644
9 75 38.726
9 76 91.438
9 77 77.505
9 79 19.845
9 80 32.79
9 81 22.288
9 82 96.38
9 83 31.807
9 84 25.634
9 85 17.675
9 86 2.632
9 87 63.096
9 88 24.968
9 90 47.1
9 91 46.273
9 92 49.004
9 94 13.033
9 95 30.983
9 96 20.826
9 97 41.111
9 98 20.411
9 99 52.387
10 1 99.457
10 2 3.865
10 11 70.788
10 12 54.014
10 13 63.233
10 14 50.004
10 15 58.716
10 16 8.484
10 17 41.97
10 18 64.836
10 19 74.614
10 20 28.919
10 22 68.929
10 23 81.161
10 24 24.919
10 25 52.653
10 28 12.696
10 30 43.387
10 31 59.404
10 33 57.172
10 34 35.968
10 35 77.097
10 36 10.969
10 38 42.186
10 39 89.629
10 40 91.691
10 41 20.863
10 42 37.984
10 43 55.186
10 44 61.637
10 45 2.887
10 46 37.128
10 47 1.265
10 50 25.017
10 51 93.327
10 52 8.305
10 53 34.66
10 54 39.751
10 55 83.906
10 56 0.553
10 57 46.607
10 58 5.609
10 59 76.851
10 62 85.036
10 63 82.561
10 64 39.399
10 65 11.546
10 66 38.846
10 67 14.339
10 68 56.575
10 69 6.404
10 70 99.398
10 71 32.831
10 72 32.088
10 73 0.391
10 74 82.382
10 75 94.131
10 76 16.389
10 77 81.561
10 78 4.274
10 79 62.065
10 80 79.016
10 81 0.363
10 82 91.482
10 83 82.8
10 84 59.048
10 85 99.966
10 86 68.087
10 88 99.535
10 89 24.373
10 90 86.185
10 91 73.804
10 92 99.994
10 93 36.569
10 94 22.398
10 95 47.882
10 96 7.327
10 98 3.153
10 99 37.085
12 1 4.836
12 2 98.519
12 11 36.53
12 13 62.345
12 14 53.191
12 15 45.729
12 16 78.789
12 18 31.547
12 19 64.525
12 20 86.954
12 21 99.512
12 23 7.651
12 24 57.045
12 25 62.376
12 26 67.249
12 27 58.694
12 28 88.679
12 31 76.325
12 32 9.379
12 33 44.348
12 34 42.27
12 35 29.291
12 36 92.634
12 37 26.258
12 38 7.017
12 39 21.621
12 40 81.591
12 41 52.165
12 42 31.492
12 43 89.619
12 44 42.472
12 45 17.944
12 46 71.621
12 47 26.022
12 48 78.974
12 51 64.95
12 52 34.096
12 53 71.648
12 54 40.567
12 55 13.937
12 56 11.859
12 57 42.856
12 59 75.508
12 60 67.066
12 62 92.913
12 63 45.687
12 64 22.267
12 65 38.35
12 67 70.822
12 68 80.15
12 69 34.479
12 71 13.047
12 72 64.837
12 73 57.608
12 74 62.492
12 75 67.309
12 76 17.701
12 77 11.422
12 78 74.403
12 79 56.929
12 80 97.139
12 81 10.407
12 82 51.389
12 83 47.45
12 84 81.647
12 85 3.615
12 86 67.109
12 88 89.803
12 89 98.504
12 90 42.594
12 91 70.268
12 92 57.035
12 94 98.984
12 95 96.394
12 97 89.095
12 98 16.625
12 99 98.525
13 1 54.258
13 2 12.758
13 11 26.584
13 14 38.256
13 15 33.572
13 16 17.52
13 18 33.058
13 19 70.339
13 20 99.922
13 21 60.47
13 22 58.337
13 23 75.495
13 24 83.673
13 26 7.71
13 27 77.337
13 28 83.837
13 30 32.947
13 31 52.726
13 33 57.467
13 34 54.554
13 35 2.532
13 36 86.786
13 38 53.023
13 39 69.516
13 40 74.706
13 41 86.391
13 42 41.863
13 43 60.858
13 44 83.746
13 45 65.114
13 46 53.475
13 47 63.872
13 49 5.633
13 50 80.03
13 52 95.271
13 53 38.805
13 55 80.426
13 56 56.43
13 57 63.78
13 58 5.155
13 59 44.789
13 60 22.423
13 61 27.451
13 62 75.764
13 63 14.032
13 64 69.316
13 66 3.959
13 67 57.437
13 68 9.883
13 69 12.405
13 70 20.89
13 71 86.728
13 72 61.997
13 75 67.636
13 76 14.615
13 77 30.711
13 78 79.616
13 79 65.531
13 80 41.536
13 81 24.676
13 83 43.079
13 84 57.131
13 85 20.302
13 86 10.336
13 87 85.87
13 88 61.334
13 89 15.098
13 91 49.386
13 92 39.564
13 93 26.314
13 94 9.703
13 95 43.358
13 96 17.872
13 98 65.566
13 99 97.449
15 1 39.513
15 2 77.788
15 16 94.627
15 17 63.668
15 18 77.529
15 19 36.199
15 20 31.051
15 21 7.55
15 22 18.048
15 24 41.165
15 25 55.229
15 26 27.697
15 28 27.765
15 30 96.901
15 31 60.682
15 32 91.66
15 34 74.54
15 35 73.321
15 36 55.188
15 37 59.755
15 38 97.621
15 39 90.788
15 40 37.215
15 41 62.541
15 43 0.906
15 44 19.077
15 45 75.523
15 46 70.305
15 47 36.1
15 48 4.682
15 49 26.745
15 50 98.667
15 51 87.334
15 52 34.064
15 53 17.663
15 54 98.276
15 56 23.517
15 57 62.717
15 58 27.963
15 59 33.505
15 60 86.097
15 61 11.87
15 62 87.726
15 63 75.562
15 64 88.989
15 65 49.685
15 66 19.564
15 67 93.495
15 69 72.838
15 70 24.988
15 71 50.464
15 72 17.718
15 73 37.033
15 74 42.787
15 75 54.094
15 77 51.852
15 78 34.507
15 79 85.088
15 80 75.574
15 81 12.041
15 82 74.55
15 83 83.948
15 84 1.117
15 86 99.154
15 87 88.906
15 88 81.297
15 89 23.863
15 90 26.598
15 91 97.669
15 92 55.814
15 94 56.68
15 95 82.888
15 97 50.938
15 98 54.336
15 99 55.836
16 1 15.1
16 2 0.963
16 11 80.747
16 14 76.203
16 17 5.135
16 19 88.062
16 20 74.921
16 21 81.252
16 22 68.527
16 23 47.766
16 24 94.435
16 25 56.719
16 26 37.044
16 27 28.703
16 28 50.511
16 29 77.748
16 30 43.548
16 32 96.223
16 34 57.869
16 35 93.191
16 36 51.4
16 37 44.726
16 39 63.129
16 40 99.726
16 41 20.95
16 43 66.754
16 44 37.228
16 45 88.277
16 46 54.79
16 47 65.412
16 48 44.857
16 49 75.186
16 50 74.737
16 51 16.019
16 52 79.322
16 53 99.292
16 54 96.348
16 56 52.97
16 57 97.762
16 58 6.841
16 59 99.396
16 60 48.466
16 63 90.262
16 64 39.353
16 65 39.82
16 66 91.633
16 67 18.433
16 68 5.642
16 69 21.835
16 71 89.091
16 72 0.072
16 74 42.766
16 75 52.996
16 76 22.37
16 77 14.374
16 78 54.227
16 79 93.142
16 80 68.918
16 81 63.096
16 82 64.933
16 83 66.882
16 84 33.281
16 85 55.658
16 86 48.135
16 88 13.542
16 89 67.578
16 90 46.042
16 91 33.522
16 92 85.282
16 93 15.797
16 95 60.507
16 96 56.011
16 98 37.238
16 99 42.28
17 1 52.716
17 2 97.134
17 11 36.358
17 14 72.526
17 18 19.312
17 19 69.697
17 20 31.597
17 21 78.215
17 22 92.685
17 23 36.089
17 24 9.786
17 25 76.214
17 26 65.185
17 27 49.63
17 28 31.821
17 29 17.554
17 30 83.575
17 31 51.225
17 33 28.601
17 34 41.39
17 35 59.304
17 36 41.383
17 37 9.059
17 38 64.562
17 39 39.694
17 40 39.163
17 41 65.478
17 42 48.816
17 43 20.781
17 44 96.894
17 47 82.543
17 50 98.951
17 51 37.847
17 53 9.483
17 54 41.977
17 55 20.459
17 56 12.32
17 57 87.657
17 58 4.674
17 59 4.27
17 60 60.085
17 61 94.337
17 62 51.456
17 63 29.325
17 64 20.787
17 65 37.535
17 67 6.419
17 68 85.089
17 69 66.238
17 70 57.024
17 72 48.176
17 73 56.812
17 74 32.537
17 75 71.256
17 76 83.534
17 77 81.666
17 78 14.608
17 79 63.024
17 80 37.978
17 81 87.82
17 82 6.147
17 83 63.646
17 84 14.532
17 85 19.989
17 86 33.738
17 87 54.828
17 88 89.714
17 90 58.442
17 91 90.8
17 92 55.226
17 93 78.465
17 94 25.85
17 95 65.167
17 96 64.12
17 97 77.631
17 98 5.776
17 99 62.672
18 1 5.905
18 2 63.505
18 11 10.445
18 14 14.625
18 19 11.279
18 20 55.735
18 21 23.071
18 22 58.431
18 23 81.917
18 24 75.33
18 25 82.961
18 26 54.988
18 27 36.08
18 28 9.592
18 29 58.215
18 30 89.868
18 31 52.341
18 32 53.9
18 34 54.927
18 35 27.041
18 37 4.072
18 39 49.089
18 40 10.495
18 41 60.256
18 42 74.386
18 43 19.746
18 44 84.937
18 46 74.526
18 48 42.143
18 49 59.731
18 50 75.727
18 52 76.157
18 54 26.861
18 55 85.637
18 56 60.024
18 57 51.679
18 59 90.48
18 60 59.561
18 61 29.227
18 62 90.804
18 63 3.561
18 64 43.275
18 65 28.102
18 66 24.017
18 67 51.396
18 69 95.753
18 72 25.64
18 73 19.437
18 78 23.31
18 79 48.434
18 80 95.623
18 81 6.568
18 82 44.383
18 83 29.377
18 84 45.413
18 85 65.017
18 86 24.896
18 87 68.33
18 88 5.62
18 89 98.688
18 90 48.545
18 91 32.515
18 92 17.572
18 93 33.587
18 94 7.572
18 96 69.475
18 97 15.023
18 98 73.164
18 99 59.457
22 1 14.854
22 14 89.101
22 19 97.689
22 20 41.365
22 21 30.829
22 23 57.237
22 24 5.262
22 26 10.057
22 28 15.666
22 30 77.847
22 31 16.951
22 32 86.445
22 33 42.347
22 34 95.285
22 35 99.498
22 36 79.808
22 37 87.726
22 38 44.501
22 40 92.328
22 41 95.453
22 42 0.257
22 43 57.903
22 44 26.904
22 45 38.112
22 46 15.408
22 48 90.23
22 49 70.679
22 50 32.865
22 51 24.354
22 53 20.771
22 54 49.772
22 55 46.568
22 56 49.276
22 57 31.394
22 58 62.647
22 59 79.184
22 60 76.856
22 61 93.887
22 63 0.732
22 64 65.74
22 65 94.26
22 66 6.034
22 67 97.358
22 68 60.414
22 69 64.03
22 70 63.935
22 71 67.536
22 72 58.358
22 73 85.354
22 74 43.354
22 75 58.028
22 76 83.714
22 77 71.993
22 78 68.121
22 79 67.698
22 80 10.799
22 81 23.644
22 83 79.589
22 84 88.296
22 85 20.52
22 86 35.108
22 87 14.935
22 88 77.626
22 89 25.027
22 90 66.669
22 91 65.124
22 92 52.51
22 93 91.308
22 94 18.412
22 95 57.383
22 96 90.908
22 98 74.909
23 1 22.7
23 2 84.744
23 11 7.732
23 19 78.496
23 20 41.755
23 21 15.209
23 24 98.906
23 25 48.014
23 26 50.471
23 27 53.056
23 30 38.411
23 31 70.845
23 32 71.519
23 33 49.286
23 34 16.485
23 36 34.723
23 37 81.883
23 39 99.704
23 40 23.705
23 41 6.814
23 42 91.414
23 44 30.297
23 46 42.711
23 47 93.676
23 48 82.819
23 49 85.643
23 50 40.62
23 51 55.729
23 52 29.249
23 53 94.875
23 55 36.11
23 58 71.07
23 59 88.81
23 60 33.932
23 62 86.063
23 63 58.758
23 64 49.741
23 65 70.104
23 66 29.851
23 67 85.001
23 68 34.288
23 69 89.923
23 70 89.826
23 72 50.425
23 73 85.217
23 74 10.492
23 75 28.491
23 76 65.283
23 77 2.393
23 78 73.822
23 79 81.682
23 80 91.824
23 81 59.1
23 82 3.089
23 83 49.454
23 84 76.436
23 86 54.759
23 87 94.342
23 88 70.497
23 89 58.942
23 90 69.648
23 91 8.878
23 92 45.238
23 93 53.643
23 95 8.401
23 96 24.704
23 97 76.033
23 98 32.012
23 99 72.084
25 1 63.883
25 2 62.723
25 14 57.626
25 19 47.487
25 20 53.759
25 24 45.27
25 26 67.824
25 27 31.075
25 28 47.894
25 29 53.922
25 30 49.347
25 31 47.806
25 32 22.992
25 33 11.94
25 34 64.599
25 35 94.389
25 36 36.679
25 38 14.825
25 39 23.826
25 40 78.155
25 41 74.046
25 43 54.83
25 44 19.087
25 45 41.653
25 47 44.763
25 49 11.713
25 50 56.687
25 51 57.483
25 52 22.808
25 54 76.989
25 56 11.743
25 57 18.801
25 59 20.35
25 60 63.035
25 61 49.789
25 62 4.704
25 64 2.712
25 65 55.52
25 66 58.298
25 67 45.204
25 68 2.064
25 69 40.467
25 70 80.579
25 72 10.67
25 73 22.583
25 74 66.178
25 76 0.455
25 77 84.989
25 78 16.471
25 79 33.331
25 80 25.004
25 82 3.336
25 83 33.874
25 84 25.685
25 86 63.493
25 87 1.401
25 88 99.079
25 89 35.486
25 90 7.426
25 91 87.123
25 92 32.577
25 93 73.174
25 94 31.692
25 95 16.563
25 96 52.562
25 99 25.199
26 1 43.02
26 14 82.092
26 19 65.709
26 20 7.971
26 21 15.026
26 24 26.912
26 27 49.947
26 28 94.097
26 29 33.999
26 31 21.613
26 32 27.38
26 33 28.065
26 34 8.089
26 35 48.761
26 36 20.578
26 37 77.3
26 38 29.498
26 39 3.266
26 40 25.491
26 41 94.471
26 42 85.93
26 43 60.968
26 44 49.584
26 45 57.149
26 46 62.83
26 48 18.527
26 49 42.57
26 50 94.222
26 51 63.349
26 52 84.645
26 53 33.02
26 54 37.098
26 55 93.642
26 56 71.296
26 57 91.708
26 58 75.178
26 59 27.774
26 60 68.123
26 61 20.373
26 62 32.733
26 63 34.453
26 64 8.518
26 65 27.367
26 66 31.564
26 68 70.871
26 69 20.712
26 70 19.529
26 71 49.339
26 72 83.842
26 73 60.272
26 74 55.952
26 75 98.504
26 76 28.622
26 77 63.259
26 78 98.97
26 80 78.155
26 81 29.818
26 82 49.562
26 84 78.223
26 85 31.693
26 86 44.302
26 87 1.128
26 89 95.315
26 90 56.225
26 91 8.48
26 92 89.667
26 93 72.81
26 94 77.315
26 95 8.925
26 96 94.743
26 98 99.274
26 99 66.845
27 1 71.968
27 11 66.34
27 14 92.167
27 19 8.292
27 20 6.404
27 21 97.26
27 24 72.504
27 28 49.009
27 29 6.835
27 30 82.417
27 31 95.672
27 32 51.986
27 33 14.707
27 34 31.278
27 35 0.845
27 37 14.694
27 38 64.312
27 39 5.636
27 40 24.449
27 41 73.701
27 44 73.969
27 45 60.106
27 46 44.556
27 47 3.064
27 48 95.436
27 49 88.098
27 50 23.023
27 51 37.419
27 52 20.692
27 53 77.625
27 55 44.683
27 56 19.09
27 57 46.21
27 58 23.207
27 59 99.317
27 61 83.604
27 62 23.735
27 64 45.443
27 65 41.559
27 66 21.901
27 67 83.905
27 68 76.96
27 69 37.635
27 70 28.315
27 71 42.696
27 72 22.6
27 73 52.227
27 74 65.807
27 75 33.119
27 76 27.235
27 77 11.832
27 78 97.404
27 79 38.8
27 80 21.922
27 82 73.148
27 83 56.033
27 84 55.274
27 85 55.717
27 86 90.97
27 87 25.467
27 88 67.817
27 90 98.813
27 91 93.106
27 92 3.163
27 94 5.222
27 95 25.445
27 96 75.737
27 97 82.302
27 98 47.512
28 1 40.573
28 11 64.288
28 14 54.616
28 19 70.231
28 20 21.814
28 21 24.934
28 24 21.921
28 29 68.702
28 30 63.352
28 31 71.429
28 32 39.611
28 33 38.972
28 34 24.523
28 36 20.769
28 37 79.733
28 38 73.276
28 40 26.465
28 41 63.862
28 42 89.544
28 43 21.045
28 44 23.451
28 46 8.602
28 47 42.778
28 48 48.221
28 49 86.636
28 50 85.195
28 52 88.838
28 53 51.369
28 54 66.322
28 55 60.423
28 56 83.24
28 57 33.512
28 59 97.99
28 60 71.664
28 61 20.007
28 62 29.027
28 63 19.028
28 64 54.609
28 65 70.1
28 66 41.384
28 67 5.834
28 68 4.38
28 69 14.686
28 70 55.524
28 71 38.702
28 73 58.732
28 74 57.578
28 75 79.149
28 76 24.78
28 77 45.01
28 78 49.409
28 79 99.842
28 80 17.971
28 82 82.618
28 83 31.217
28 84 26.172
28 85 17.204
28 86 81.658
28 87 83.003
28 88 35.841
28 89 88.863
28 90 78.523
28 91 72.357
28 92 1.696
28 93 90.119
28 94 67.407
28 95 44.118
28 97 17.088
28 98 57.375
29 1 60.51
29 2 71.163
29 11 96.824
29 14 82.536
29 19 64.056
29 21 55.722
29 30 94.099
29 31 12.375
29 32 47.547
29 34 21.352
29 35 77.514
29 36 12.933
29 38 47.734
29 39 4.172
29 40 99.939
29 41 36.041
29 44 98.149
29 45 62.449
29 46 77.346
29 47 43.66
29 48 25.576
29 49 5.663
29 50 4.802
29 51 65.819
29 52 69.32
29 53 49.447
29 54 67.34
29 55 98.627
29 56 70.875
29 57 39.053
29 58 28.645
29 59 54.189
29 61 37.668
29 62 6.254
29 64 40.83
29 65 5.762
29 66 99.573
29 67 92.516
29 68 59.276
29 69 29.485
29 70 48.343
29 71 51.869
29 73 72.343
29 74 62.983
29 75 39.653
29 76 29.805
29 77 90.651
29 78 11.86
29 79 87.447
29 80 48.01
29 82 58.013
29 83 4.627
29 84 36.19
29 85 62.393
29 86 33.001
29 87 42.736
29 88 80.937
29 89 9.612
29 90 9.548
29 91 15.923
29 92 65.57
29 93 69.687
29 94 53.752
29 95 62.788
29 96 36.459
29 97 14.475
29 98 59.851
30 1 86.541
30 2 43.624
30 14 14.785
30 24 91.593
30 31 48.518
30 32 72.322
30 33 12.546
30 35 75.164
30 36 14.047
30 37 29.837
30 38 99.51
30 39 0.672
30 40 18.481
30 41 92.413
30 42 77.298
30 43 12.111
30 44 22.701
30 46 61.513
30 48 29.013
30 49 17.673
30 50 38.468
30 51 83.067
30 52 65.181
30 53 24.097
30 54 11.383
30 55 97.732
30 56 52.639
30 57 92.474
30 59 55.391
30 61 41.111
30 64 36.081
30 65 70.275
30 67 78.093
30 69 71.14
30 70 27.315
30 71 36.754
30 72 4.634
30 73 99.584
30 74 69.554
30 75 21.306
30 78 34.236
30 79 76.695
30 81 96.11
30 82 99.401
30 84 91.324
30 88 10.976
30 89 42.863
30 90 5.057
30 91 23.867
30 93 0.358
30 94 54.486
30 95 18.642
30 96 30.148
30 97 45.303
30 98 19.502
30 99 76.954
31 1 34.102
31 2 71.733
31 11 4.078
31 14 68.103
31 20 15.479
31 21 65.853
31 24 12.275
31 32 92.64
31 33 0.435
31 34 93.653
31 35 25.913
31 36 97.281
31 38 85.137
31 39 77.946
31 40 46.014
31 41 10.587
31 42 84.873
31 43 71.927
31 44 8.861
31 45 95.315
31 46 97.721
31 47 8.981
31 49 79.514
31 51 74.94
31 52 92.085
31 53 23.085
31 54 93.763
31 55 35.693
31 56 12.51
31 58 72.88
31 59 54.142
31 60 19.456
31 61 25.146
31 62 31.906
31 63 42.013
31 64 50.591
31 65 13.973
31 66 18.845
31 67 17.952
31 68 8.795
31 69 85.04
31 70 9.988
31 71 81.484
31 72 82.632
31 73 25.613
31 74 12.104
31 75 85.959
31 76 14.48
31 77 20.652
31 78 46.836
31 80 17.913
31 81 71.797
31 82 87.529
31 84 4.72
31 85 95.864
31 86 27.653
31 87 52.986
31 89 75.363
31 91 78.437
31 92 15.595
31 93 71.007
31 94 77.119
31 95 19.443
31 96 91.907
31 97 4.899
31 98 92.648
31 99 95.012
32 1 73.555
32 2 46.44
32 11 62.045
32 14 32.361
32 19 70.073
32 20 96.709
32 21 77.017
32 33 18.41
32 34 1.384
32 35 50.912
32 36 84.066
32 38 85.654
32 39 73.63
32 40 73.137
32 41 46.042
32 42 74.15
32 43 36.295
32 44 70.301
32 45 4.681
32 46 50.611
32 47 51.414
32 48 44.352
32 49 7.098
32 50 77.759
32 52 42.607
32 54 84.287
32 55 41.451
32 56 69.393
32 57 35.526
32 58 2.717
32 59 3.715
32 60 75.162
32 61 6.749
32 63 34.476
32 64 7.347
32 65 20.765
32 66 35.889
32 67 5.692
32 68 95.19
32 69 88.7
32 70 93.738
32 73 98.711
32 74 44.599
32 75 72.675
32 76 16.625
32 77 25.214
32 78 55.695
32 79 39.06
32 81 56.303
32 82 21.756
32 83 32.595
32 84 7.671
32 85 38.817
32 86 36.124
32 87 43.12
32 88 81.804
32 89 3.768
32 90 2.398
32 91 54.929
32 92 14.124
32 93 22.407
32 94 74.729
32 95 30.056
32 97 95.796
32 98 56.656
32 99 10.483
33 1 96.256
33 2 74.992
33 11 9.838
33 14 75.477
33 19 36.555
33 21 18.766
33 24 36.65
33 34 71.278
33 36 71.141
33 37 52.84
33 38 16.062
33 39 86.46
33 40 82.266
33 41 6.955
33 42 95.307
33 43 50.212
33 44 86.677
33 46 10.516
33 47 22.936
33 48 3.172
33 49 12.403
33 50 4.886
33 51 35.15
33 52 78.062
33 53 50.333
33 54 71.27
33 55 68.364
33 57 4.598
33 58 75.079
33 60 86.965
33 61 73.422
33 62 80.808
33 63 53.326
33 64 39.387
33 66 93.692
33 67 20.17
33 68 68.645
33 69 76.527
33 71 32.888
33 74 53.309
33 75 52.746
33 77 52.961
33 78 2.291
33 79 32.817
33 80 15.956
33 81 69.442
33 82 13.787
33 84 7.063
33 85 23.193
33 86 94.629
33 87 4.266
33 88 53.276
33 89 98.828
33 90 75.092
33 91 88.625
33 92 23.006
33 93 18.231
33 94 57.603
33 95 14.342
33 97 53.003
33 98 94.249
33 99 52.703
34 1 17.036
34 2 18.343
34 11 58.353
34 14 11.982
34 19 63.16
34 21 89.784
34 24 24.48
34 35 43.059
34 36 23.016
34 37 45.011
34 38 91.063
34 40 72.253
34 41 70.921
34 42 41.025
34 43 21.651
34 45 67.456
34 46 55.83
34 47 50.21
34 48 99.715
34 49 4.436
34 50 97.541
34 51 62.692
34 52 79.649
34 53 76.735
34 54 44.417
34 55 75.345
34 56 0.46
34 57 67.1
34 58 64.543
34 60 64.978
34 61 24.564
34 62 78.702
34 63 41.045
34 64 61.876
34 65 29.988
34 66 33.75
34 68 61.417
34 69 87.133
34 70 87.533
34 71 84.451
34 72 29.671
34 73 45.949
34 74 36.995
34 75 6.851
34 77 42.301
34 78 92.756
34 79 98.931
34 80 87.448
34 81 86.249
34 82 13.064
34 83 76.126
34 84 88.139
34 86 13.289
34 87 49.274
34 88 40.194
34 89 48.893
34 90 96.263
34 91 21.806
34 92 57.379
34 93 46.159
34 95 17.539
34 96 21.644
34 97 72.975
34 98 36.903
34 99 98.757
35 1 44.417
35 2 5.344
35 11 59.266
35 14 12.415
35 19 65.336
35 21 94.129
35 24 44.534
35 36 7.183
35 37 86.085
35 38 15.859
35 39 97.109
35 40 4.441
35 41 55.348
35 43 69.987
35 44 84.327
35 45 49.722
35 46 23.807
35 47 14.198
35 48 17.19
35 49 87.145
35 50 79.747
35 51 83.054
35 52 19.975
35 53 82.375
35 55 65.387
35 56 35.713
35 58 99.765
35 59 24.471
35 60 46.717
35 61 58.078
35 62 91.576
35 64 97.363
35 65 43.448
35 66 11.162
35 69 99.273
35 70 13.084
35 71 62.044
35 72 13.685
35 75 47.791
35 76 16.74
35 77 60.211
35 78 55.984
35 79 8.777
35 80 77.213
35 81 23.209
35 82 8.353
35 83 80.228
35 85 68.687
35 86 10.105
35 87 77.826
35 88 81.507
35 89 54.004
35 91 95.591
35 92 62.234
35 93 81.846
35 94 54.517
35 96 16.394
35 98 46.269
35 99 80.675
36 1 45.445
36 2 1.107
36 11 38.215
36 19 30.337
36 20 90.78
36 21 0.396
36 24 33.59
36 37 1.987
36 38 62.848
36 39 2.314
36 40 46.202
36 41 20.503
36 42 41.019
36 43 69.224
36 44 70.001
36 45 9.753
36 46 54.989
36 47 34.062
36 48 37.726
36 49 86.479
36 50 26.257
36 51 80.735
36 53 88.138
36 54 36.475
36 56 89.37
36 57 85.267
36 58 52.523
36 59 19.358
36 61 35.682
36 62 99.256
36 63 97.702
36 64 52.132
36 65 67.937
36 66 14.802
36 67 48.775
36 68 58.564
36 69 67.495
36 70 13.532
36 71 69.815
36 72 64.982
36 73 31.39
36 74 2.908
36 75 68.315
36 76 95.925
36 77 34.477
36 78 33.846
36 79 83.158
36 80 20.555
36 82 44.892
36 83 79.342
36 84 27.302
36 85 57.696
36 88 4.025
36 89 44.621
36 90 85.243
36 92 75.183
36 93 45.847
36 94 66.907
36 95 0.354
36 96 1.466
36 97 69.354
36 98 59.877
36 99 22.178
37 2 92.72
37 11 4.131
37 14 75.473
37 19 7.643
37 20 88.781
37 21 13.266
37 38 48.794
37 39 10.395
37 40 59.375
37 41 4.267
37 42 66.831
37 43 40.957
37 44 25.004
37 45 81.263
37 46 81.472
37 47 51.577
37 49 22.649
37 50 37.561
37 51 71.565
37 52 54.954
37 53 12.351
37 54 6.488
37 56 60.518
37 57 77.318
37 58 25.145
37 59 33.084
37 60 95.266
37 61 81.38
37 62 71.216
37 63 36.101
37 64 20.644
37 65 53.367
37 66 98.537
37 67 84.667
37 68 36.073
37 69 36.365
37 71 4.665
37 74 41.339
37 75 8.679
37 76 84.805
37 77 87.21
37 79 61.99
37 81 86.046
37 82 73.837
37 83 50.02
37 84 31.813
37 85 45.316
37 86 57.12
37 87 83.306
37 88 35.748
37 89 51.803
37 91 14.14
37 92 86.557
37 93 51.873
37 94 72.877
37 95 39.029
37 96 55.346
37 97 93.948
37 99 26.302
38 1 77.874
38 2 83.006
38 11 46.241
38 14 46.847
38 19 29.919
38 20 55.686
38 21 47.284
38 24 81.792
38 39 84.044
38 40 0.853
38 41 0.832
38 42 22.764
38 43 97.642
38 44 49.647
38 45 90.746
38 46 19.307
38 47 5.68
38 51 4.949
38 52 75.07
38 56 21.284
38 57 51.261
38 58 0.494
38 59 21.292
38 60 32.141
38 61 7.014
38 63 92.817
38 64 26.415
38 66 60.437
38 67 48.935
38 69 64.126
38 70 81.151
38 71 88.728
38 72 68.915
38 73 91.64
38 74 27.058
38 75 69.3
38 76 53.306
38 77 73.946
38 78 56.466
38 81 54.489
38 82 44.249
38 83 99.463
38 84 12.454
38 85 11.087
38 86 67.767
38 88 0.664
38 89 62.021
38 90 32.521
38 91 92.097
38 92 61.654
38 93 67.625
38 94 34.941
38 96 53.116
38 98 71.471
38 99 8.582
39 1 95.322
39 11 27.034
39 14 37.482
39 20 78.731
39 24 20.359
39 40 33.32
39 41 61.787
39 42 46.657
39 43 82.753
39 44 14.216
39 45 72.99
39 46 3.933
39 47 27.066
39 48 21.334
39 50 93.76
39 52 74.665
39 53 44.925
39 54 99.869
39 56 99.276
39 57 80.27
39 58 87.486
39 59 67.105
39 60 24.944
39 61 35.811
39 62 67.731
39 63 14.426
39 64 8.005
39 67 22.409
39 68 27.673
39 69 9.494
39 70 87.718
39 73 4.52
39 74 45.53
39 75 99.492
39 76 92.471
39 77 28.011
39 78 63.236
39 79 40.513
39 81 73.371
39 82 16.076
39 83 50.779
39 84 11.95
39 85 74.101
39 87 53.124
39 88 19.749
39 89 18.444
39 90 99.265
39 91 12.266
39 92 55.029
39 93 41.24
39 94 12.724
39 95 66.911
39 96 12.216
39 97 47.003
39 98 9.366
39 99 6.03
40 1 0.588
40 11 82.168
40 14 6.334
40 19 81.937
40 20 54.913
40 21 65.262
40 24 11.293
40 41 71.853
40 42 38.785
40 43 22.526
40 45 1.25
40 46 24.357
40 47 30.388
40 48 31.965
40 49 96.58
40 50 39.219
40 51 36.265
40 52 29.1
40 53 1.328
40 54 67.378
40 55 67.934
40 56 48.98
40 57 6.486
40 58 40.416
40 59 87.011
40 60 94.91
40 61 88.389
40 62 44.579
40 63 13.513
40 64 16.806
40 65 62.448
40 66 45.084
40 67 53.27
40 68 10.701
40 69 32.198
40 70 37.139
40 71 65.246
40 72 76.549
40 73 81.385
40 74 91.789
40 75 31.474
40 77 16.622
40 78 18.148
40 79 85.526
40 80 87.111
40 81 85.298
40 82 7.047
40 83 3.33
40 84 65.623
40 85 71.421
40 86 9.337
40 88 21.181
40 89 42.524
40 90 5.554
40 92 5.278
40 93 42.272
40 94 95.576
40 95 8.33
40 96 87.778
40 98 94.574
41 1 90.663
41 2 51.417
41 11 15.111
41 14 41.229
41 19 29.044
41 20 97.535
41 21 3.889
41 24 10.009
41 42 9.889
41 44 76.744
41 45 83.221
41 46 53.54
41 47 84.131
41 48 74.293
41 49 1.704
41 50 90.214
41 51 83.364
41 52 43.376
41 53 47.796
41 54 11.529
41 55 0.857
41 56 40.938
41 57 71.913
41 58 42.671
41 59 6.428
41 60 94.897
41 61 86.176
41 62 32.461
41 63 16.225
41 64 22.844
41 65 48.452
41 67 53.835
41 68 10.191
41 69 14.916
41 70 71.476
41 71 19.705
41 72 86.344
41 73 92.045
41 74 7.342
41 76 89.33
41 77 1.222
41 78 9.069
41 79 91.105
41 80 72.388
41 81 0.693
41 82 46.916
41 83 47.807
41 84 74.297
41 85 24.944
41 86 75.712
41 87 73.873
41 89 42.982
41 90 67.59
41 91 12.953
41 93 55.946
41 94 0.675
41 95 96.623
41 96 26.602
41 97 60.748
41 98 55.55
41 99 21.61
42 1 28.734
42 11 69.173
42 14 14.794
42 19 72.698
42 20 15.893
42 21 45.37
42 24 48.981
42 44 12.706
42 46 3.772
42 47 45.204
42 48 61.596
42 49 9.254
42 50 8.956
42 51 29.009
42 53 95.654
42 54 68.614
42 55 82.775
42 57 89.621
42 58 47.433
42 59 75.478
42 60 76.918
42 61 26.816
42 62 77.277
42 64 37.019
42 65 63.986
42 66 34.784
42 67 92.517
42 68 36.101
42 69 25.77
42 70 75.674
42 71 19.801
42 72 7.16
42 73 23.229
42 74 96.587
42 76 26.97
42 77 8.787
42 78 40.074
42 79 39.306
42 80 31.817
42 81 57.164
42 82 83.885
42 83 92.646
42 84 32.117
42 85 30.766
42 86 43.24
42 87 9.374
42 88 80.945
42 89 67.714
42 91 2.961
42 92 15.065
42 93 88.153
42 94 1.753
42 95 90.131
42 96 55.317
42 97 45.938
42 98 24.331
42 99 0.25
43 1 94.64
43 2 10.118
43 11 40.217
43 14 76.544
43 20 32.147
43 21 94.628
43 24 41.453
43 46 73.844
43 47 68.593
43 48 39.16
43 49 62.673
43 50 38.398
43 51 71.899
43 52 68.651
43 54 38.983
43 56 78.829
43 57 54.91
43 58 84.963
43 59 12.464
43 61 73.084
43 62 61.773
43 63 5.948
43 65 77.295
43 66 29.272
43 67 1.324
43 68 38.784
43 69 16.398
43 70 71.377
43 71 50.353
43 73 94.327
43 74 61.843
43 75 77.151
43 76 65.431
43 77 19.554
43 78 12.047
43 79 58.206
43 80 5.286
43 81 68.364
43 82 68.217
43 83 74.412
43 84 41.564
43 85 58.143
43 86 94.997
43 87 41.145
43 88 53.032
43 89 95.437
43 90 77.964
43 92 98.125
43 93 92.723
43 94 5.685
43 95 82.977
43 96 61.651
43 97 98.57
43 98 58.966
44 2 9.484
44 14 39.47
44 19 15.469
44 20 85.7
44 21 24.339
44 24 66.777
44 45 53.31
44 47 67.608
44 48 3.792
44 49 86.894
44 50 3.162
44 51 83.531
44 53 52.418
44 54 24.471
44 55 63.256
44 56 68.216
44 57 91.241
44 59 72.559
44 60 60.248
44 61 48.757
44 62 33.461
44 63 30.535
44 64 24.589
44 66 95.59
44 67 84.925
44 69 82.799
44 72 5.446
44 74 98.163
44 75 43.253
44 76 56.299
44 77 97.597
44 78 57.692
44 79 35.134
44 80 4.653
44 81 57.397
44 82 19.31
44 83 45.243
44 84 90.237
44 85 0.659
44 86 34.551
44 87 53.684
44 88 32.815
44 90 60.567
44 91 80.638
44 92 97.761
44 93 85.269
44 94 3.225
44 95 62.941
44 97 47.784
44 98 91.264
44 99 39.107
47 1 12.443
47 2 12.133
47 11 0.851
47 14 72.736
47 19 7.582
47 20 84.421
47 21 79.975
47 45 54.203
47 46 15.59
47 49 75.695
47 50 53.706
47 51 4.724
47 52 60.182
47 53 42.482
47 54 88.52
47 55 17.265
47 57 68.175
47 58 71.302
47 59 64.703
47 62 47.148
47 63 80.511
47 64 72.717
47 65 54.946
47 66 83.475
47 67 62.526
47 68 56.085
47 69 83.283
47 71 31.27
47 72 14.631
47 73 64.282
47 74 46.838
47 75 96.73
47 76 35.808
47 77 3.615
47 78 24.82
47 79 46.989
47 80 92.746
47 81 10.278
47 82 60.249
47 84 35.986
47 85 30.299
47 86 53.48
47 87 37.782
47 88 10.03
47 91 1.005
47 92 13.444
47 94 82.441
47 95 41.105
47 96 51.896
47 97 49.294
47 98 43.028
47 99 37.938
48 1 34.734
48 2 99.444
48 14 3.35
48 19 75.424
48 20 64.732
48 21 2.092
48 24 88.91
48 45 76.922
48 49 52.347
48 50 73.836
48 51 63.492
48 53 7.277
48 55 85.612
48 56 56.342
48 57 82.537
48 58 40.971
48 59 47.788
48 60 53.592
48 61 12.3
48 63 85.711
48 64 45.092
48 65 87.776
48 66 58.938
48 68 53.536
48 70 24.719
48 72 71.851
48 73 5.945
48 74 48.38
48 75 48.188
48 76 71.615
48 77 59.346
48 78 35.639
48 79 6.019
48 80 80.836
48 81 69.932
48 82 95.42
48 83 55.345
48 84 36.761
48 85 44.754
48 86 37.361
48 88 35.798
48 89 83.072
48 90 1.032
48 91 57.506
48 92 53.4
48 94 66.036
48 95 23.029
48 97 19.088
48 98 94.984
48 99 31.911
49 1 4.531
49 2 84.429
49 11 82.613
49 19 49.332
49 20 3.643
49 21 7.79
49 24 60.345
49 45 16.706
49 50 77.22
49 51 19.421
49 52 67.619
49 54 11.239
49 56 66.34
49 57 35.063
49 58 16.925
49 59 86.233
49 61 41.457
49 62 80.16
49 64 36.035
49 65 9.85
49 67 93.669
49 68 3.924
49 69 44.897
49 70 97.554
49 71 79.561
49 72 36.898
49 74 75.686
49 75 0.614
49 76 90.806
49 77 85.133
49 78 52.423
49 79 44.388
49 80 71.437
49 83 81.375
49 84 74.42
49 86 34.75
49 87 47.638
49 88 2.004
49 89 24.563
49 90 52.596
49 91 52.965
49 92 30.65
49 93 58.922
49 94 12.738
49 95 67.261
49 96 18.082
49 98 86.235
49 99 42.375
50 1 80.311
50 11 68.01
50 14 9.95
50 20 8.049
50 24 35.917
50 45 12.741
50 46 39.915
50 51 1.659
50 52 43.127
50 53 94.082
50 54 28.638
50 55 68.478
50 56 94.839
50 57 35.97
50 58 34.879
50 59 81.422
50 61 99.477
50 62 71.376
50 64 40.471
50 66 88.573
50 67 43.424
50 68 14.751
50 70 64.066
50 71 7.339
50 72 95.158
50 73 97.777
50 74 47.04
50 75 86.172
50 76 77.685
50 77 78.437
50 78 99.849
50 79 40.248
50 80 17.384
50 81 78.332
50 82 23.312
50 83 35.099
50 84 74.261
50 85 4.861
50 86 98.913
50 87 87.291
50 88 28.419
50 89 64.269
50 90 48.221
50 91 69.016
50 92 94.378
50 93 81.91
50 94 70.045
50 96 77.494
50 97 30.457
50 98 58.629
51 1 51.97
51 2 82.351
51 11 82.197
51 14 50.428
51 19 3.303
51 20 40.205
51 21 57.55
51 24 36.174
51 45 43.128
51 46 1.521
51 52 64.647
51 53 96.074
51 54 38.656
51 55 32.333
51 56 90.06
51 57 38.701
51 58 55.161
51 59 6.023
51 60 87.963
51 61 67.321
51 62 62.984
51 63 62.306
51 64 94.656
51 65 20.373
51 66 65.102
51 67 80.569
51 68 52.632
51 69 25.662
51 71 95.667
51 72 32.078
51 73 60.385
51 74 86.063
51 75 35.683
51 77 31.631
51 78 78.107
51 79 26.506
51 80 68.963
51 81 32.438
51 82 47.476
51 83 30.288
51 85 94.065
51 86 31.637
51 87 43.773
51 88 52.556
51 89 28.87
51 90 87.286
51 91 38.311
51 92 63.799
51 94 17.592
51 95 13.131
51 96 92.298
51 97 26.691
51 98 88.974
51 99 67.962
52 1 33.914
52 2 6.869
52 11 36.64
52 14 96.782
52 19 95.592
52 20 79.803
52 21 77.995
52 24 47.645
52 45 58.446
52 46 86.027
52 53 30.209
52 54 52.413
52 55 38.225
52 56 17.671
52 57 57.195
52 58 1.017
52 59 51.055
52 60 33.894
52 61 90.071
52 63 52.828
52 65 82.634
52 66 75.431
52 67 23.291
52 68 12.207
52 69 5.991
52 70 77.359
52 72 86.7
52 73 1.359
52 74 21.74
52 75 96.906
52 76 4.932
52 77 71.191
52 79 24.192
52 81 43.374
52 82 71.469
52 83 10.502
52 84 64.971
52 86 89.168
52 90 65.393
52 91 87.405
52 92 8.143
52 93 48.306
52 94 83.954
52 95 50.155
52 96 88.396
52 98 40.896
52 99 6.554
53 1 79.797
53 2 50.34
53 11 7.813
53 19 13.872
53 20 30.836
53 21 43.536
53 45 80.418
53 46 56.755
53 54 5.582
53 55 85.407
53 56 12.838
53 58 16.496
53 62 27.427
53 63 67.617
53 64 31.353
53 66 69.81
53 67 98.42
53 68 46.986
53 71 72.393
53 72 5.167
53 73 34.102
53 74 25.182
53 75 98.583
53 78 25.623
53 79 63.452
53 81 94.971
53 82 16.711
53 83 50.596
53 84 47.273
53 85 33.067
53 86 73.377
53 88 39.883
53 89 84.073
53 90 35.502
53 91 41.24
53 92 47.404
53 93 84.825
53 94 79.989
53 95 58.984
53 96 6.471
53 97 48.201
53 98 85.791
53 99 29.252
54 1 93.619
54 2 41.449
54 11 13.122
54 14 18.678
54 19 3.168
54 20 23.033
54 21 89.782
54 45 46.919
54 46 1.07
54 55 94.355
54 56 73.627
54 57 82.871
54 58 53.484
54 59 69.934
54 60 72.298
54 61 33.915
54 62 53.642
54 64 98.584
54 67 63.497
54 68 48.083
54 69 49.946
54 70 66.571
54 72 47.336
54 73 43.739
54 75 41.17
54 76 30.554
54 77 60.665
54 78 76.719
54 79 96.687
54 80 75.986
54 81 1.108
54 82 92.412
54 83 93.154
54 84 14.161
54 85 12.359
54 87 15.021
54 88 82.905
54 90 78.821
54 91 59.752
54 92 37.717
54 93 3.584
54 94 48.964
54 95 58.282
54 96 83.997
54 97 25.256
54 98 29.961
54 99 95.868
56 1 0.667
56 2 20.585
56 11 38.894
56 14 29.35
56 19 86.651
56 21 27.189
56 24 13.818
56 45 84.043
56 55 85.706
56 57 44.528
56 59 71.714
56 60 27.119
56 61 16.359
56 62 32.726
56 63 75.074
56 65 96.363
56 66 24.797
56 67 51.944
56 68 33.512
56 69 61.835
56 70 19.246
56 71 7.583
56 72 59.709
56 73 59.055
56 74 93.142
56 77 91.789
56 79 77.906
56 81 90.366
56 82 21.994
56 83 9.684
56 85 11.27
56 86 56.753
56 87 31.002
56 88 46.651
56 89 43.274
56 90 22.219
56 91 50.757
56 92 62.791
56 93 87.649
56 96 1.0
56 97 46.935
56 98 27.878
56 99 36.165
57 1 10.816
57 2 26.211
57 11 35.484
57 14 62.834
57 19 0.447
57 20 60.215
57 45 36.995
57 46 62.707
57 55 83.097
57 58 20.923
57 59 8.422
57 60 55.121
57 61 73.122
57 62 63.661
57 63 53.184
57 64 69.502
57 65 34.195
57 66 54.71
57 67 33.34
57 68 95.592
57 69 82.77
57 70 36.954
57 71 81.68
57 72 93.082
57 73 81.102
57 74 29.96
57 75 64.294
57 76 51.524
57 77 85.072
57 80 81.631
57 81 18.66
57 82 6.505
57 84 65.769
57 85 70.911
57 86 49.449
57 87 97.691
57 88 79.402
57 89 74.225
57 90 41.959
57 91 78.842
57 92 30.974
57 93 98.705
57 94 63.103
57 95 34.509
57 96 19.9
57 97 94.894
57 98 1.973
57 99 55.598
58 1 88.342
58 2 64.519
58 11 46.153
58 19 31.739
58 21 69.939
58 24 14.701
58 45 51.708
58 46 39.714
58 55 27.234
58 59 40.672
58 61 54.434
58 62 63.845
58 63 50.107
58 64 19.146
58 65 89.669
58 66 56.679
58 67 39.186
58 68 29.012
58 69 46.942
58 70 50.699
58 71 55.211
58 73 94.495
58 74 54.65
58 75 50.622
58 76 89.234
58 77 29.542
58 78 74.075
58 80 17.87
58 81 19.139
58 82 51.921
58 83 5.374
58 85 71.809
58 86 32.662
58 88 96.826
58 89 4.72
58 90 0.9
58 91 13.14
58 92 14.726
58 93 66.427
58 94 21.468
58 95 54.006
58 96 74.026
58 97 60.918
58 98 3.318
58 99 32.118
59 1 39.337
59 11 95.534
59 14 99.934
59 19 42.047
59 20 72.622
59 21 14.502
59 24 35.735
59 45 42.65
59 46 90.759
59 55 18.182
59 60 18.139
59 61 37.878
59 62 37.621
59 63 26.578
59 64 7.589
59 65 79.76
59 66 22.651
59 67 29.397
59 69 23.198
59 70 67.248
59 72 86.583
59 73 89.538
59 74 87.786
59 75 23.994
59 76 22.983
59 77 43.575
59 78 19.179
59 79 56.039
59 81 48.751
59 82 50.414
59 83 56.242
59 84 72.51
59 85 56.806
59 86 68.925
59 87 36.995
59 88 27.478
59 89 8.078
59 90 5.507
59 91 60.285
59 93 3.334
59 94 65.279
59 95 47.129
59 96 2.472
59 98 30.865
59 99 15.185
60 1 65.384
60 2 8.625
60 11 95.689
60 19 28.51
60 20 97.87
60 24 60.488
60 45 86.524
60 46 34.004
60 55 0.33
60 61 54.902
60 63 42.733
60 65 54.009
60 66 92.12
60 67 75.711
60 68 12.067
60 69 4.256
60 70 24.775
60 71 40.7
60 72 10.89
60 73 93.121
60 74 92.372
60 75 18.286
60 76 42.265
60 77 33.654
60 78 55.92
60 79 57.73
60 80 69.015
60 81 24.688
60 83 45.955
60 84 81.064
60 85 84.335
60 86 78.735
60 88 75.135
60 89 52.716
60 90 81.365
60 92 25.86
60 94 79.209
60 95 41.749
60 96 60.413
60 97 41.168
60 98 75.295
60 99 51.35
61 1 36.537
61 2 52.883
61 11 1.398
61 14 47.793
61 19 88.676
61 20 79.681
61 21 33.214
61 24 53.487
61 45 31.846
61 46 10.316
61 63 61.487
61 64 36.573
61 66 64.775
61 68 87.683
61 69 50.11
61 70 88.089
61 71 64.282
61 72 19.376
61 73 60.391
61 74 12.639
61 75 42.19
61 76 25.393
61 77 7.612
61 78 7.767
61 79 3.62
61 80 1.779
61 81 94.732
61 82 35.306
61 83 85.976
61 84 45.561
61 85 72.007
61 86 68.325
61 87 3.627
61 89 10.9
61 90 28.201
61 91 28.608
61 92 88.138
61 93 30.037
61 94 46.34
61 95 48.565
61 96 17.838
61 97 81.146
61 98 16.205
61 99 45.831
63 1 33.961
63 2 89.635
63 11 81.146
63 14 88.648
63 19 63.676
63 20 96.528
63 21 7.637
63 24 23.911
63 45 33.211
63 46 8.864
63 62 9.19
63 64 41.619
63 65 41.84
63 66 58.578
63 67 13.47
63 68 9.658
63 69 17.384
63 72 73.753
63 73 18.801
63 76 4.416
63 77 16.042
63 78 48.995
63 80 3.659
63 82 92.967
63 83 19.412
63 84 27.301
63 85 53.2
63 86 40.046
63 87 59.03
63 88 50.593
63 89 56.068
63 90 54.944
63 91 10.877
63 94 45.216
63 95 88.87
63 96 97.308
63 97 89.963
63 98 23.993
63 99 29.318
64 1 43.581
64 2 87.801
64 11 30.781
64 14 66.123
64 19 34.63
64 20 41.555
64 21 61.977
64 24 49.835
64 45 4.83
64 46 40.579
64 62 86.065
64 65 17.915
64 66 71.914
64 67 14.467
64 68 83.002
64 69 12.068
64 71 73.233
64 72 61.077
64 73 53.975
64 75 11.728
64 76 21.557
64 77 80.195
64 78 95.198
64 79 69.82
64 80 84.439
64 81 97.667
64 82 37.022
64 83 72.206
64 84 53.144
64 85 90.815
64 86 98.079
64 87 62.614
64 88 64.264
64 89 90.215
64 91 46.054
64 92 34.115
64 93 86.403
64 94 30.358
64 95 67.583
64 96 55.23
64 98 59.064
65 1 33.128
65 2 53.929
65 11 31.134
65 14 83.757
65 19 25.83
65 21 84.45
65 24 21.149
65 45 66.76
65 55 71.565
65 62 10.086
65 67 0.743
65 68 55.146
65 69 63.989
65 70 50.993
65 71 36.247
65 72 58.657
65 73 15.087
65 74 80.609
65 76 23.713
65 77 98.245
65 78 83.883
65 80 11.599
65 81 54.539
65 82 58.278
65 84 94.005
65 85 43.621
65 86 18.617
65 87 51.968
65 88 39.596
65 89 89.397
65 90 30.482
65 91 70.875
65 92 92.764
65 93 22.483
65 94 3.987
65 95 74.695
65 96 3.374
65 97 91.311
65 99 21.627
66 1 66.281
66 2 25.352
66 11 99.11
66 19 43.471
66 20 74.492
66 21 10.697
66 24 47.105
66 55 95.535
66 62 58.339
66 67 88.827
66 68 42.543
66 70 25.933
66 71 90.733
66 72 67.306
66 73 15.553
66 74 29.957
66 75 14.857
66 76 4.835
66 77 53.099
66 78 46.711
66 79 1.057
66 80 65.196
66 81 85.344
66 82 36.904
66 83 86.909
66 84 51.991
66 85 85.887
66 87 93.239
66 88 7.445
66 89 61.907
66 90 90.545
66 92 92.463
66 95 42.053
66 96 30.277
66 97 30.972
66 98 66.574
66 99 20.658
67 1 31.663
67 2 26.658
67 11 66.594
67 14 69.943
67 19 46.554
67 20 90.931
67 21 56.453
67 24 62.415
67 45 4.85
67 46 83.69
67 62 43.103
67 68 64.054
67 69 76.748
67 71 84.844
67 72 21.474
67 74 26.964
67 75 62.161
67 76 70.096
67 77 4.103
67 78 17.388
67 82 91.787
67 83 98.149
67 84 19.42
67 85 77.21
67 86 60.306
67 87 80.733
67 88 53.889
67 89 73.163
67 90 7.78
67 91 56.409
67 92 83.078
67 93 61.985
67 95 36.715
67 96 1.75
67 97 39.328
67 99 20.06
68 2 87.5
68 14 88.132
68 19 26.131
68 21 6.0
68 24 20.544
68 45 72.457
68 46 92.607
68 55 59.119
68 62 69.449
68 69 0.562
68 70 76.688
68 71 78.049
68 72 86.006
68 73 95.759
68 75 92.665
68 76 15.36
68 77 67.186
68 78 58.994
68 79 91.82
68 80 10.825
68 81 51.148
68 82 87.177
68 83 13.722
68 84 78.561
68 86 11.667
68 87 44.469
68 90 34.9
68 91 73.915
68 92 8.949
68 93 79.803
68 94 20.803
68 95 62.733
68 96 16.125
68 97 73.188
68 98 2.865
68 99 40.194
69 1 54.211
69 2 93.623
69 19 61.866
69 20 33.733
69 21 10.214
69 24 79.684
69 45 35.952
69 46 44.99
69 55 14.304
69 62 43.352
69 70 36.608
69 71 0.053
69 72 73.641
69 73 29.494
69 74 73.781
69 76 5.732
69 77 39.483
69 78 66.544
69 79 45.763
69 80 35.768
69 81 43.045
69 82 57.258
69 83 24.406
69 84 62.996
69 85 53.354
69 86 46.68
69 87 89.922
69 88 42.865
69 89 12.267
69 90 11.176
69 92 38.8
69 93 12.01
69 94 38.999
69 95 42.132
69 96 32.534
69 97 53.818
69 98 14.623
70 2 44.676
70 11 77.585
70 14 67.111
70 19 6.135
70 21 14.619
70 24 26.584
70 45 11.58
70 46 5.134
70 55 80.887
70 62 95.293
70 71 70.819
70 73 18.767
70 74 75.033
70 75 73.21
70 77 46.403
70 78 61.709
70 79 65.567
70 80 57.606
70 81 89.619
70 82 73.805
70 83 26.444
70 85 11.519
70 86 86.765
70 87 10.28
70 88 40.303
70 89 94.352
70 90 19.941
70 91 16.261
70 92 70.899
70 94 87.864
70 95 20.765
70 96 89.094
70 97 1.862
70 98 42.118
70 99 85.999
71 1 58.999
71 2 28.727
71 11 74.216
71 14 47.381
71 19 27.902
71 20 5.409
71 21 61.719
71 24 96.793
71 45 99.849
71 46 7.604
71 55 43.756
71 62 72.062
71 72 30.381
71 73 29.154
71 74 44.386
71 75 87.189
71 76 34.501
71 78 13.173
71 80 6.462
71 81 28.257
71 82 39.126
71 83 94.397
71 84 57.382
71 85 18.497
71 87 72.977
71 88 89.401
71 89 69.797
71 90 57.793
71 91 26.552
71 92 41.006
71 93 33.481
71 94 20.667
71 95 65.88
71 96 14.744
71 98 98.581
71 99 62.615
72 1 26.784
72 2 89.88
72 11 26.242
72 14 71.141
72 19 5.939
72 20 65.007
72 21 11.128
72 24 42.426
72 45 22.933
72 46 49.957
72 55 33.248
72 62 48.568
72 74 36.249
72 75 27.329
72 76 36.158
72 78 25.918
72 79 9.163
72 80 13.926
72 81 59.727
72 82 10.994
72 84 60.332
72 85 9.734
72 86 32.293
72 87 84.242
72 88 46.08
72 89 67.565
72 92 32.166
72 93 93.951
72 95 10.047
72 96 47.059
72 97 23.243
72 99 96.241
73 1 57.775
73 2 92.591
73 11 96.56
73 14 1.773
73 19 80.692
73 20 18.64
73 21 14.642
73 45 58.062
73 46 76.15
73 55 0.258
73 62 10.334
73 74 56.474
73 77 88.05
73 78 87.429
73 79 88.634
73 81 35.865
73 83 39.68
73 84 88.261
73 85 19.987
73 86 5.787
73 88 38.085
73 89 21.336
73 90 69.941
73 91 69.813
73 92 37.593
73 94 34.298
73 95 21.278
73 97 59.014
73 99 17.614
75 1 42.808
75 2 95.076
75 11 86.878
75 19 46.148
75 20 37.281
75 21 5.071
75 24 29.825
75 45 91.394
75 46 19.737
75 62 61.728
75 74 8.595
75 76 33.756
75 77 27.683
75 78 32.402
75 79 55.736
75 80 51.675
75 81 83.985
75 82 86.276
75 83 36.799
75 84 52.009
75 85 98.186
75 87 67.434
75 88 37.006
75 89 17.885
75 90 13.936
75 91 86.815
75 92 18.524
75 93 99.012
75 94 86.323
75 95 13.254
75 96 82.293
75 97 39.2
75 98 53.095
75 99 6.623
76 1 66.877
76 11 93.756
76 14 88.162
76 19 13.279
76 20 79.318
76 21 27.052
76 24 33.29
76 45 68.006
76 46 62.094
76 55 88.962
76 62 55.293
76 74 63.058
76 77 89.347
76 79 52.167
76 80 66.27
76 81 32.357
76 82 44.542
76 83 8.649
76 84 3.112
76 85 81.984
76 86 14.771
76 88 64.116
76 89 89.293
76 90 58.776
76 91 34.485
76 92 52.55
76 93 98.04
76 95 66.998
76 96 1.84
76 97 7.657
76 98 25.328
76 99 73.698
77 1 17.259
77 2 10.449
77 11 61.51
77 14 22.437
77 19 30.004
77 20 81.698
77 21 60.343
77 45 12.204
77 46 54.507
77 55 31.7
77 62 34.041
77 74 26.832
77 78 5.562
77 80 56.051
77 81 74.335
77 82 86.076
77 83 91.686
77 84 23.078
77 85 76.397
77 86 21.495
77 87 48.669
77 88 47.74
77 90 39.623
77 91 71.093
77 93 49.258
77 94 97.303
77 95 51.276
77 96 23.03
77 97 79.624
77 98 8.052
77 99 20.142
78 2 90.667
78 11 68.718
78 14 42.855
78 19 60.709
78 20 58.99
78 24 48.779
78 45 37.348
78 46 3.642
78 62 8.807
78 74 89.28
78 79 28.421
78 80 12.358
78 81 60.097
78 82 19.231
78 84 18.866
78 85 16.869
78 86 66.576
78 87 37.416
78 88 63.563
78 90 85.657
78 91 45.193
78 92 36.675
78 93 51.193
78 94 7.936
78 95 74.868
78 96 51.376
78 97 99.201
78 98 98.231
79 1 55.46
79 11 6.02
79 14 94.693
79 20 62.575
79 21 4.295
79 24 51.026
79 46 26.602
79 55 25.496
79 62 69.738
79 80 44.815
79 81 0.688
79 83 18.531
79 84 9.276
79 85 17.698
79 86 14.011
79 87 8.183
79 88 2.653
79 89 71.213
79 90 52.858
79 91 72.349
79 92 79.703
79 93 21.646
79 94 42.991
79 95 14.991
79 96 77.469
79 98 52.382
79 99 4.712
80 1 65.038
80 2 53.037
80 11 60.767
80 14 30.02
80 19 58.582
80 20 27.626
80 21 21.413
80 24 70.659
80 45 35.452
80 62 81.607
80 74 18.616
80 81 58.288
80 82 47.024
80 83 72.31
80 84 64.526
80 85 24.032
80 86 80.153
80 87 29.993
80 88 60.147
80 89 73.939
80 90 43.221
80 91 29.058
80 92 19.344
80 93 64.08
80 94 92.687
80 95 27.627
80 97 35.8
80 98 76.124
80 99 1.788
81 2 10.515
81 11 26.561
81 14 69.419
81 19 63.059
81 20 91.195
81 21 54.939
81 24 53.905
81 45 25.682
81 46 49.607
81 55 77.529
81 62 11.127
81 74 48.269
81 84 95.373
81 85 44.76
81 86 24.802
81 87 64.492
81 88 86.827
81 89 2.246
81 91 88.052
81 92 76.117
81 93 48.046
81 95 79.825
81 96 28.029
81 97 2.583
81 99 55.136
83 1 61.909
83 2 56.494
83 11 21.591
83 14 96.524
83 19 35.697
83 20 71.389
83 21 90.243
83 24 93.735
83 45 90.708
83 46 95.571
83 55 2.975
83 62 34.18
83 82 59.645
83 84 98.224
83 85 63.203
83 86 36.794
83 88 86.773
83 89 35.213
83 90 34.98
83 91 55.156
83 94 63.213
83 95 12.317
83 96 57.052
83 97 64.591
83 98 10.002
84 1 59.252
84 2 85.814
84 20 58.272
84 21 7.077
84 24 78.75
84 45 89.901
84 46 58.376
84 55 89.064
84 62 2.191
84 74 75.964
84 82 3.325
84 85 33.459
84 86 86.322
84 87 89.588
84 88 92.516
84 89 45.089
84 92 6.885
84 93 1.1
84 95 44.174
84 97 84.097
84 98 10.749
84 99 18.077
85 1 11.473
85 2 30.726
85 11 56.348
85 14 60.802
85 19 53.455
85 20 28.737
85 21 23.918
85 24 50.921
85 45 13.188
85 46 49.28
85 55 2.358
85 62 32.276
85 74 41.966
85 82 12.063
85 86 95.487
85 87 27.238
85 88 80.764
85 89 89.345
85 90 22.019
85 91 67.998
85 92 91.267
85 93 30.615
85 94 76.158
85 95 37.398
85 97 76.832
85 98 76.826
85 99 82.39
86 1 75.494
86 2 8.762
86 11 46.771
86 14 66.739
86 19 80.649
86 20 83.22
86 21 0.918
86 24 29.859
86 45 90.841
86 46 60.892
86 55 4.457
86 62 3.171
86 74 8.575
86 82 90.226
86 87 66.748
86 88 79.06
86 89 8.074
86 90 67.241
86 91 15.641
86 92 14.242
86 93 74.692
86 94 9.112
86 95 46.907
86 97 67.731
86 98 35.642
86 99 21.796
88 1 66.901
88 2 53.234
88 14 62.48
88 19 80.483
88 20 69.681
88 21 27.838
88 24 13.978
88 45 1.114
88 46 26.981
88 55 55.15
88 62 26.068
88 74 29.583
88 82 59.882
88 87 53.443
88 89 56.381
88 90 84.194
88 91 94.758
88 92 74.19
88 93 36.845
88 94 29.79
88 95 55.303
88 96 23.134
88 97 73.733
88 98 64.074
88 99 96.303
90 1 56.025
90 11 70.289
90 20 34.645
90 21 17.407
90 24 53.943
90 45 28.487
90 46 64.642
90 55 14.881
90 62 5.946
90 74 29.915
90 87 9.254
90 89 80.94
90 91 27.355
90 92 23.914
90 94 21.228
90 95 43.252
90 96 91.165
90 97 26.383
90 98 15.139
90 99 64.32
91 1 94.144
91 2 39.291
91 11 80.627
91 19 95.101
91 20 42.557
91 21 90.85
91 24 45.917
91 45 18.615
91 46 50.112
91 55 69.122
91 62 6.077
91 74 95.657
91 82 89.726
91 87 93.952
91 89 73.124
91 92 42.332
91 93 52.351
91 94 44.442
91 95 0.63
91 96 14.596
91 97 18.384
91 98 34.986
91 99 10.977
92 1 11.477
92 2 40.63
92 11 95.809
92 14 22.483
92 19 22.973
92 20 5.281
92 21 26.01
92 24 22.115
92 45 78.212
92 46 72.781
92 55 20.451
92 62 58.937
92 74 37.433
92 87 73.964
92 89 10.513
92 94 81.203
92 95 13.15
92 96 64.03
92 97 65.23
92 98 3.937
92 99 32.782
93 1 3.401
93 11 14.146
93 14 58.504
93 19 47.723
93 20 50.475
93 24 93.84
93 45 86.667
93 46 52.076
93 55 17.687
93 62 76.775
93 74 75.315
93 82 1.264
93 87 82.583
93 89 1.188
93 94 85.514
93 95 34.706
93 96 94.728
93 97 39.457
93 98 48.507
93 99 81.671
94 1 79.303
94 2 63.726
94 14 23.116
94 20 67.584
94 21 32.39
94 24 70.387
94 45 80.068
94 46 3.107
94 55 15.817
94 62 71.172
94 74 96.075
94 82 10.586
94 87 46.171
94 89 7.692
94 96 54.77
94 97 28.301
94 98 44.306
94 99 39.965
95 1 82.147
95 2 4.737
95 11 97.973
95 14 83.756
95 19 6.995
95 21 76.98
95 24 42.188
95 45 80.062
95 55 90.346
95 74 92.234
95 82 98.995
95 87 30.119
95 96 79.466
95 97 4.284
95 98 91.516
95 99 5.093
97 1 77.033
97 2 44.66
97 11 26.75
97 14 7.394
97 20 34.265
97 21 20.552
97 24 80.133
97 45 67.561
97 46 10.007
97 55 64.83
97 74 18.723
97 82 96.622
97 87 55.234
97 89 74.327
97 96 57.258
97 98 70.426
97 99 10.609
98 1 54.457
98 2 36.668
98 11 95.243
98 14 66.325
98 19 85.524
98 20 9.456
98 45 17.452
98 46 70.65
98 55 73.171
98 62 5.718
98 74 74.644
98 82 58.884
98 87 26.561
98 89 54.938
98 99 15.212
99 1 93.707
99 2 74.448
99 11 57.495
99 14 37.223
99 19 66.375
99 20 24.575
99 21 31.925
99 24 45.214
99 45 55.824
99 46 5.664
99 55 66.331
99 62 60.995
99 74 42.754
99 82 60.247
99 87 76.643
99 89 46.216
1 2 6.604
1 11 57.907
1 14 23.896
1 19 30.291
1 20 93.432
1 21 23.597
1 24 49.782
1 45 44.915
1 55 32.493
1 62 63.431
1 74 81.366
1 82 89.081
1 87 93.348
1 89 99.124
1 96 54.684
2 11 35.392
2 19 90.065
2 20 9.242
2 21 25.915
2 24 63.212
2 45 50.132
2 46 68.12
2 55 67.908
2 62 67.133
2 74 94.941
2 82 83.376
2 87 44.073
2 89 53.659
2 96 98.076
11 14 54.328
11 19 66.926
11 20 74.272
11 21 29.641
11 24 94.201
11 46 71.192
11 55 9.076
11 74 32.589
11 87 36.599
11 89 78.85
14 19 86.482
14 20 75.665
14 21 70.199
14 45 62.505
14 46 50.341
14 55 58.629
14 62 91.856
14 74 19.535
14 82 60.992
14 87 88.973
14 96 54.729
19 20 86.135
19 21 40.37
19 55 14.127
19 74 68.022
19 82 5.482
19 87 48.958
19 89 18.024
19 96 60.497
20 21 65.136
20 24 94.779
20 45 37.215
20 46 71.042
20 55 85.946
20 62 71.209
20 74 15.199
20 82 13.445
20 87 12.071
20 89 72.049
20 96 45.651
21 24 16.56
21 45 28.992
21 46 82.552
21 87 92.983
21 89 18.189
21 96 25.335
24 45 82.723
24 46 77.562
24 55 37.421
24 62 85.249
24 74 27.316
24 82 16.37
24 87 46.41
45 46 54.83
45 55 44.322
45 62 2.97
45 74 88.686
45 82 86.795
45 87 41.136
45 89 24.545
55 46 11.854
55 62 13.366
55 74 91.869
55 82 3.924
55 87 3.952
55 96 2.177
62 46 51.013
62 74 96.115
62 82 34.769
62 87 65.198
62 89 35.86
62 96 51.374
74 46 85.314
74 82 34.942
74 87 26.244
74 89 99.153
74 96 81.601
82 46 49.937
82 89 92.162
82 96 5.578
87 46 18.35
87 89 25.39
87 96 16.819
89 46 92.985
89 96 53.856
96 46 15.872