30
0 1 52.718
0 2 39.594
0 3 31.302
0 4 3.468
0 6 93.073
0 9 73.59
0 10 2.514
0 11 6.359
0 12 12.589
0 13 72.317
0 15 55.94
0 16 71.748
0 17 28.728
0 18 87.492
0 19 25.652
0 20 12.346
0 21 43.703
0 22 70.21
0 23 5.986
0 24 47.135
0 25 87.25
0 26 24.877
0 27 27.949
0 28 23.512
0 29 0.489
1 2 94.467
1 3 16.232
1 4 22.054
1 5 43.642
1 6 23.647
1 8 7.456
1 9 46.141
1 10 23.688
1 11 7.638
1 13 85.602
1 14 87.08
1 15 51.655
1 16 98.173
1 17 1.128
1 19 17.101
1 20 46.405
1 21 44.693
1 22 31.934
1 23 7.304
1 24 54.686
1 25 91.039
1 27 31.65
1 28 18.46
1 29 92.211
2 3 50.831
2 4 84.327
2 5 58.478
2 6 59.441
2 7 95.122
2 8 58.077
2 9 25.468
2 10 64.187
2 11 2.544
2 13 27.891
2 14 88.453
2 15 26.601
2 16 79.74
2 18 73.501
2 19 33.633
2 20 92.805
2 21 59.555
2 22 86.457
2 23 38.429
2 24 29.719
2 25 90.452
2 26 66.394
2 27 68.847
2 28 34.008
3 4 24.119
3 5 85.087
3 8 33.378
3 9 11.789
3 10 49.383
3 11 77.981
3 15 42.015
3 16 26.98
3 17 23.11
3 19 29.831
3 20 36.265
3 21 95.495
3 23 98.203
3 24 45.16
3 25 91.477
3 26 55.919
3 27 18.604
3 28 5.266
3 29 50.673
4 5 49.613
4 6 22.281
4 7 23.684
4 8 4.417
4 9 90.616
4 10 49.149
4 11 0.334
4 13 86.707
4 15 47.483
4 16 69.663
4 17 37.791
4 18 71.585
4 19 60.357
4 20 85.963
4 21 33.12
4 22 63.733
4 23 80.403
4 24 95.833
4 25 10.402
4 26 9.712
4 28 98.615
4 29 63.127
6 5 83.113
6 7 83.493
6 8 12.137
6 9 78.265
6 11 32.81
6 12 43.693
6 13 82.722
6 14 8.704
6 15 45.27
6 16 32.866
6 17 90.975
6 19 43.74
6 20 14.373
6 21 31.735
6 22 98.769
6 23 86.307
6 25 74.759
6 26 74.711
6 28 15.175
6 29 2.17
9 5 3.339
9 7 64.215
9 8 74.71
9 10 23.525
9 11 91.274
9 12 29.811
9 14 0.703
9 15 83.864
9 16 25.281
9 18 93.011
9 19 80.144
9 20 1.823
9 21 16.032
9 22 90.469
9 23 94.975
9 24 10.58
9 25 29.336
9 26 39.67
9 27 35.459
9 28 74.719
9 29 89.719
10 5 48.184
10 8 56.311
10 13 59.098
10 14 91.857
10 16 62.553
10 18 46.488
10 19 69.81
10 20 40.294
10 23 52.1
10 24 79.724
10 25 24.559
10 26 42.815
10 27 77.425
10 29 50.188
11 5 15.043
11 7 68.852
11 8 40.01
11 12 35.445
11 13 66.083
11 14 34.986
11 15 71.828
11 16 4.047
11 17 58.27
11 18 14.055
11 19 5.775
11 20 92.977
11 21 10.387
11 22 42.217
11 23 86.727
11 26 44.353
11 27 42.275
11 28 31.962
11 29 25.911
12 5 30.412
12 8 48.106
12 13 9.852
12 14 51.532
12 15 43.577
12 16 74.901
12 17 82.183
12 19 84.294
12 20 92.521
12 21 92.599
12 22 98.294
12 23 57.741
12 24 2.362
12 26 2.813
12 27 42.349
12 28 52.723
12 29 92.018
13 5 29.153
13 7 40.49
13 8 22.751
13 14 71.844
13 15 84.784
13 16 58.285
13 17 65.659
13 19 62.831
13 20 71.632
13 21 0.64
13 22 94.985
13 23 40.519
13 24 62.479
13 25 99.14
13 27 81.833
13 28 4.059
13 29 57.438
15 5 93.145
15 7 96.525
15 8 66.556
15 14 54.36
15 16 30.444
15 17 65.464
15 18 14.987
15 19 93.731
15 20 19.417
15 21 77.158
15 23 23.994
15 25 71.007
15 26 83.872
15 27 52.986
15 28 0.471
15 29 22.084
16 7 70.796
16 8 16.464
16 14 64.092
16 17 26.823
16 18 57.952
16 19 11.605
16 20 59.183
16 21 31.166
16 22 61.185
16 23 35.294
16 24 34.186
16 25 89.36
16 26 19.16
16 27 2.836
16 28 13.341
16 29 16.894
17 5 48.401
17 7 76.304
17 8 34.085
17 14 76.136
17 18 1.342
17 19 46.485
17 21 18.51
17 22 83.156
17 23 4.605
17 25 0.302
17 27 35.769
17 28 26.733
18 5 97.972
18 14 77.409
18 19 96.056
18 21 2.437
18 22 6.834
18 23 77.439
18 24 22.035
18 25 44.693
18 26 73.213
18 27 86.692
18 28 54.188
19 5 64.206
19 14 60.339
19 20 22.108
19 21 97.88
19 22 23.648
19 23 15.72
19 24 94.315
19 26 96.871
19 27 23.183
19 28 84.055
19 29 63.535
20 5 13.748
20 7 9.182
20 8 79.254
20 14 34.659
20 21 76.466
20 22 2.179
20 23 98.104
20 24 32.106
20 25 40.72
20 26 52.404
20 27 17.988
20 28 77.407
20 29 20.712
21 5 72.207
21 8 81.196
21 14 81.907
21 22 51.654
21 23 32.896
21 25 38.402
21 26 46.708
21 27 85.142
21 28 51.07
21 29 61.14
22 5 41.138
22 7 13.524
22 8 23.115
22 24 18.845
22 25 81.329
22 26 95.448
22 27 1.332
22 29 7.968
23 5 11.763
23 8 37.881
23 14 76.664
23 24 80.494
23 25 85.794
23 26 73.02
23 27 84.234
23 28 57.958
23 29 25.606
24 5 10.179
24 7 77.04
24 8 10.077
24 14 86.276
24 25 71.643
24 26 12.362
24 27 6.797
24 28 5.632
24 29 88.879
25 5 73.976
25 7 66.522
25 8 43.79
25 14 95.183
25 26 96.544
25 27 74.86
25 28 97.631
25 29 87.737
26 5 72.332
26 7 11.998
26 8 99.695
26 27 73.581
26 28 86.96
26 29 98.549
27 5 65.467
27 7 39.373
27 8 58.59
27 14 75.753
27 29 28.26
28 5 21.922
28 7 3.285
28 8 82.696
28 14 5.373
28 29 8.426
29 7 53.939
29 8 36.754
29 14 5.363
5 7 38.069
5 8 41.611
5 14 85.792
8 7 94.989
8 14 27.632