50
0 2 66.36
0 3 38.24
0 4 54.75
0 5 88.64
0 7 21.72
0 8 26.46
0 9 30.38
0 10 2.8
0 11 77.28
0 13 25.53
0 14 77.31
0 15 68.67
0 16 18.38
0 17 74.12
0 18 96.83
0 20 31.97
0 21 5.35
0 23 46.48
0 25 5.11
0 26 95.7
0 27 23.62
0 28 33.27
0 29 67.28
0 31 34.45
0 32 87.31
0 33 14.5
0 34 38.93
0 35 93.09
0 36 68.19
0 37 11.61
0 38 60.19
0 40 40.99
0 41 70.54
0 42 29.71
0 43 8.2
0 44 63.15
0 45 53.39
0 46 77.75
0 47 18.21
0 48 38.97
0 49 14.95
1 2 91.98
1 4 3.68
1 5 22.8
1 6 43.67
1 8 68.88
1 9 98.65
1 11 90.31
1 12 11.91
1 13 98.95
1 14 81.42
1 15 70.37
1 16 73.05
1 17 75.35
1 18 23.0
1 19 32.38
1 20 20.8
1 21 88.45
1 22 76.74
1 23 73.41
1 24 31.73
1 26 12.97
1 27 61.91
1 29 63.18
1 31 97.59
1 32 27.4
1 33 49.86
1 35 46.15
1 37 97.43
1 38 93.11
1 39 53.3
1 40 6.85
1 41 20.91
1 42 99.12
1 43 17.92
1 44 46.32
1 45 52.98
1 46 88.97
1 47 91.77
1 48 0.42
1 49 10.67
2 3 4.77
2 4 54.93
2 5 28.35
2 6 12.17
2 7 25.71
2 8 1.06
2 9 28.47
2 10 80.97
2 11 39.09
2 12 0.42
2 13 9.19
2 14 20.57
2 15 34.25
2 16 13.42
2 17 65.31
2 18 55.84
2 20 45.85
2 21 83.58
2 22 73.27
2 23 74.15
2 25 20.97
2 27 17.06
2 28 71.65
2 29 53.11
2 30 71.84
2 31 48.8
2 34 52.27
2 35 98.91
2 36 26.02
2 38 42.64
2 39 97.11
2 40 81.61
2 41 85.02
2 42 79.05
2 43 95.35
2 44 89.29
2 45 89.23
2 46 74.41
2 47 27.51
2 48 11.75
3 4 25.69
3 7 1.39
3 8 70.34
3 9 58.58
3 10 6.73
3 12 69.33
3 13 64.09
3 14 35.56
3 16 13.76
3 17 96.84
3 18 52.26
3 19 91.47
3 20 57.13
3 21 90.17
3 22 14.69
3 23 11.29
3 24 26.34
3 25 55.94
3 26 28.39
3 27 85.25
3 29 19.96
3 30 91.77
3 32 59.4
3 33 1.06
3 34 78.01
3 35 2.33
3 36 5.43
3 37 81.25
3 38 65.23
3 39 62.11
3 40 33.93
3 41 9.2
3 42 89.61
3 43 45.81
3 44 94.36
3 45 93.3
3 46 96.91
3 47 60.95
3 48 45.06
4 6 43.95
4 7 25.86
4 8 49.2
4 9 99.69
4 10 53.86
4 11 89.92
4 12 28.26
4 13 60.14
4 15 86.28
4 19 36.34
4 20 25.66
4 21 21.52
4 22 59.27
4 23 79.53
4 24 3.04
4 25 66.05
4 26 0.99
4 27 87.96
4 29 14.93
4 30 16.29
4 31 92.88
4 32 13.36
4 33 97.96
4 35 82.38
4 36 99.27
4 37 48.91
4 38 95.01
4 39 17.8
4 40 93.56
4 41 58.72
4 42 34.7
4 43 98.34
4 44 90.2
4 45 99.75
4 46 12.2
4 47 75.85
4 48 16.86
4 49 97.61
5 6 73.07
5 8 22.99
5 9 22.16
5 10 40.63
5 11 57.2
5 12 82.58
5 14 45.61
5 15 2.36
5 16 74.45
5 17 98.0
5 18 87.22
5 19 17.7
5 21 63.82
5 22 16.43
5 25 61.3
5 27 27.68
5 28 36.72
5 29 14.82
5 30 21.22
5 31 28.59
5 32 51.94
5 33 41.61
5 34 82.6
5 35 75.34
5 36 70.76
5 37 90.59
5 39 62.62
5 40 46.43
5 41 43.25
5 42 25.71
5 43 0.99
5 44 4.05
5 45 29.96
5 46 25.58
5 47 68.2
5 48 49.69
5 49 14.41
6 7 58.17
6 8 38.15
6 9 35.24
6 10 20.64
6 11 18.81
6 12 57.83
6 13 15.31
6 14 85.23
6 15 36.63
6 16 15.28
6 17 87.72
6 18 56.68
6 19 80.18
6 20 74.74
6 21 74.65
6 22 68.24
6 23 74.17
6 24 91.85
6 25 62.18
6 26 69.23
6 27 73.53
6 29 35.0
6 30 19.73
6 31 53.39
6 32 46.75
6 34 15.25
6 36 45.87
6 37 35.83
6 38 47.5
6 39 26.52
6 41 79.23
6 43 33.15
6 44 56.89
6 46 37.1
6 47 37.94
6 48 85.86
6 49 63.97
7 8 76.05
7 9 70.82
7 10 77.15
7 11 78.29
7 12 40.97
7 14 95.83
7 15 37.16
7 16 18.6
7 17 41.92
7 18 72.4
7 19 9.46
7 21 31.33
7 22 46.91
7 23 30.67
7 25 78.67
7 26 60.5
7 27 38.08
7 28 25.63
7 30 43.14
7 31 20.62
7 32 36.84
7 33 60.41
7 34 31.1
7 35 95.96
7 36 89.26
7 37 20.37
7 39 31.81
7 40 43.76
7 41 51.68
7 43 10.03
7 45 20.41
7 46 22.1
7 47 96.99
7 48 43.5
7 49 49.67
8 9 46.05
8 10 5.02
8 11 57.11
8 12 46.42
8 13 12.64
8 14 77.74
8 15 90.64
8 16 41.02
8 17 75.2
8 18 76.82
8 19 97.79
8 20 20.71
8 21 72.62
8 22 78.98
8 23 79.46
8 24 51.4
8 26 75.73
8 27 60.69
8 29 29.11
8 30 16.09
8 31 42.31
8 32 37.82
8 33 94.8
8 35 39.39
8 36 40.92
8 37 50.24
8 39 83.69
8 40 2.21
8 41 85.55
8 44 24.12
8 45 84.47
8 47 68.99
8 48 45.43
8 49 73.23
9 10 10.41
9 11 13.87
9 12 74.57
9 13 24.16
9 14 60.63
9 15 42.13
9 17 69.51
9 18 45.75
9 19 1.88
9 20 34.62
9 22 22.36
9 23 45.03
9 25 52.51
9 26 5.12
9 27 76.66
9 28 20.19
9 29 64.22
9 30 47.98
9 31 33.11
9 32 75.52
9 33 14.91
9 34 51.01
9 35 75.1
9 36 99.22
9 37 31.47
9 39 81.73
9 41 42.44
9 42 51.79
9 43 46.02
9 44 50.69
9 45 36.48
9 46 8.74
9 48 52.6
9 49 14.13
10 12 21.64
10 13 16.09
10 15 33.93
10 16 57.23
10 17 49.24
10 18 29.52
10 19 39.75
10 21 83.91
10 22 17.56
10 23 65.42
10 24 89.2
10 25 28.14
10 27 80.32
10 28 72.35
10 30 67.98
10 31 94.0
10 32 4.18
10 33 36.26
10 34 10.23
10 36 4.16
10 37 26.8
10 38 93.04
10 39 87.97
10 40 81.77
10 41 54.2
10 42 5.85
10 43 38.05
10 44 9.22
10 45 52.79
10 46 2.11
10 47 35.41
10 48 39.04
10 49 18.24
11 12 14.29
11 13 85.83
11 14 28.62
11 15 54.64
11 16 53.13
11 17 77.02
11 18 8.71
11 19 98.87
11 20 67.02
11 21 34.72
11 22 8.65
11 23 68.29
11 24 69.46
11 25 69.93
11 26 10.09
11 27 77.57
11 29 63.62
11 30 0.33
11 31 45.27
11 32 68.08
11 33 62.8
11 34 96.99
11 35 93.3
11 37 70.87
11 38 25.79
11 39 39.72
11 40 44.13
11 41 20.7
11 42 36.8
11 43 86.3
11 44 4.25
11 45 87.23
11 48 40.53
11 49 82.83
12 13 91.39
12 14 12.78
12 15 45.73
12 16 99.75
12 17 20.07
12 18 94.42
12 19 66.58
12 21 17.55
12 23 77.46
12 25 41.71
12 26 49.25
12 27 70.89
12 29 68.56
12 30 5.51
12 31 32.6
12 32 89.8
12 33 44.95
12 34 4.71
12 35 75.65
12 36 55.32
12 37 77.18
12 38 51.63
12 39 51.36
12 40 54.88
12 42 35.54
12 43 57.17
12 44 16.29
12 45 7.64
12 46 43.75
12 47 18.08
12 48 46.38
12 49 40.96
13 14 47.08
13 15 1.14
13 16 73.15
13 17 11.38
13 18 17.44
13 19 31.91
13 20 37.39
13 22 83.87
13 23 49.76
13 24 15.92
13 25 89.63
13 26 41.85
13 27 59.52
13 28 33.07
13 29 40.71
13 31 71.26
13 32 28.26
13 33 87.47
13 34 88.5
13 35 87.74
13 36 72.86
13 37 99.32
13 38 70.19
13 39 87.44
13 42 30.13
13 43 20.6
13 45 49.07
13 46 23.71
13 47 14.03
13 48 85.85
13 49 89.33
14 15 22.42
14 17 15.1
14 18 51.35
14 20 85.44
14 21 97.34
14 22 29.73
14 23 84.35
14 24 68.59
14 25 65.53
14 27 48.59
14 28 6.19
14 29 0.55
14 30 79.45
14 31 58.88
14 32 9.51
14 33 14.07
14 34 40.18
14 36 88.41
14 37 62.72
14 38 95.82
14 39 97.52
14 41 64.43
14 42 8.65
14 43 79.16
14 45 93.03
14 46 38.92
14 47 95.67
14 49 79.56
15 16 16.21
15 19 63.59
15 20 28.97
15 21 6.83
15 22 20.38
15 23 63.92
15 24 79.45
15 25 65.01
15 26 50.73
15 27 78.9
15 28 76.54
15 29 42.12
15 30 91.38
15 31 74.07
15 32 14.42
15 33 72.59
15 35 76.61
15 36 23.75
15 37 34.85
15 38 1.19
15 39 70.47
15 41 90.85
15 42 24.45
15 43 9.42
15 44 52.83
15 45 89.14
15 46 89.7
15 48 43.99
15 49 91.74
16 17 0.7
16 18 78.65
16 19 20.1
16 20 99.08
16 22 69.02
16 23 52.49
16 24 90.99
16 26 80.68
16 27 99.62
16 28 63.14
16 29 35.13
16 31 82.41
16 32 66.24
16 33 26.35
16 36 40.42
16 37 56.57
16 38 59.31
16 39 35.56
16 40 27.18
16 41 32.03
16 42 65.07
16 43 47.77
16 44 42.59
16 45 38.09
16 46 81.29
16 47 77.27
16 48 84.06
16 49 58.2
17 19 44.9
17 20 44.52
17 21 26.14
17 22 44.49
17 23 96.27
17 24 92.85
17 25 71.55
17 26 17.52
17 27 31.05
17 28 16.15
17 29 80.13
17 30 10.08
17 31 28.5
17 32 43.53
17 33 14.24
17 36 61.48
17 37 36.81
17 38 73.13
17 39 8.29
17 40 90.09
17 41 73.3
17 43 96.68
17 44 2.56
17 45 58.04
17 46 53.85
17 48 66.58
17 49 77.15
18 19 32.44
18 20 89.51
18 22 74.19
18 23 53.12
18 24 14.92
18 26 26.56
18 28 97.47
18 29 84.34
18 30 72.27
18 31 31.7
18 33 9.68
18 34 72.49
18 35 46.68
18 36 65.29
18 37 12.99
18 38 12.31
18 39 69.59
18 40 48.25
18 41 29.24
18 42 55.59
18 43 28.45
18 44 56.92
18 45 80.83
18 46 58.48
18 47 10.44
18 48 80.52
18 49 87.16
19 20 8.84
19 21 87.48
19 22 14.42
19 24 21.98
19 25 79.65
19 26 63.94
19 27 92.13
19 28 28.94
19 29 79.71
19 30 47.6
19 31 90.65
19 34 13.23
19 35 78.67
19 36 97.69
19 37 45.49
19 38 62.81
19 39 50.11
19 40 58.81
19 41 77.75
19 42 84.98
19 43 50.98
19 46 29.05
19 47 39.52
19 48 97.6
19 49 41.14
20 21 91.51
20 22 75.65
20 23 73.12
20 24 90.92
20 25 19.11
20 27 82.59
20 28 53.57
20 29 70.12
20 31 9.69
20 32 90.03
20 33 23.41
20 35 37.62
20 36 70.15
20 37 76.54
20 39 50.73
20 40 10.47
20 42 19.67
20 43 44.59
20 44 99.08
20 45 17.26
20 46 95.77
20 47 3.71
20 48 98.24
20 49 6.33
21 23 78.74
21 24 51.35
21 25 73.02
21 26 45.75
21 27 17.59
21 28 84.11
21 30 28.28
21 31 67.49
21 32 4.03
21 33 61.03
21 34 64.29
21 35 79.17
21 36 83.33
21 37 8.18
21 38 13.44
21 39 49.23
21 40 40.56
21 42 0.29
21 43 86.97
21 44 45.37
21 46 96.35
21 47 39.95
21 48 59.77
21 49 82.52
22 23 77.54
22 24 67.09
22 26 54.71
22 27 34.16
22 28 43.79
22 30 76.66
22 31 11.96
22 32 59.07
22 33 83.22
22 34 5.5
22 35 5.89
22 37 81.57
22 38 35.61
22 39 62.06
22 40 17.81
22 41 78.97
22 42 37.32
22 43 65.14
22 45 56.25
22 46 81.85
22 47 55.71
22 48 45.51
22 49 35.5
23 24 19.46
23 25 97.9
23 26 37.38
23 28 21.84
23 30 9.16
23 31 9.63
23 32 36.62
23 33 51.09
23 34 24.93
23 35 53.15
23 37 13.52
23 38 96.2
23 39 16.73
23 40 16.8
23 41 91.83
23 42 66.84
23 43 38.72
23 44 43.83
23 46 53.01
23 47 5.1
23 49 91.46
24 25 11.81
24 26 15.43
24 28 65.23
24 29 76.75
24 30 3.47
24 31 53.12
24 32 41.29
24 33 78.44
24 34 26.15
24 35 61.57
24 39 78.6
24 40 63.1
24 41 34.25
24 43 67.28
24 44 78.69
24 45 96.85
24 46 80.9
24 47 6.34
24 48 46.86
24 49 67.25
25 26 1.81
25 27 3.18
25 28 6.56
25 29 20.74
25 30 97.29
25 31 62.88
25 32 84.88
25 33 74.96
25 34 65.72
25 36 53.55
25 37 64.39
25 39 73.05
25 40 16.96
25 41 90.0
25 42 62.61
25 45 1.9
25 46 99.48
25 47 93.31
25 48 77.67
26 29 71.35
26 30 4.31
26 31 6.59
26 32 3.08
26 35 87.04
26 38 54.78
26 39 17.6
26 40 34.6
26 41 5.53
26 42 7.69
26 43 24.88
26 44 81.52
26 45 85.16
26 46 21.41
26 47 38.85
26 48 91.65
27 28 3.1
27 29 3.34
27 30 95.98
27 32 17.11
27 33 97.07
27 34 1.54
27 35 75.22
27 36 46.78
27 37 10.65
27 38 16.0
27 39 22.06
27 40 55.26
27 41 6.44
27 42 61.44
27 43 55.15
27 44 49.63
27 45 32.44
27 47 4.07
27 48 43.67
27 49 21.27
28 30 32.68
28 31 82.18
28 32 54.2
28 33 25.47
28 34 59.73
28 35 43.5
28 36 36.05
28 37 10.97
28 38 0.56
28 39 58.25
28 40 30.69
28 41 26.52
28 42 51.56
28 43 62.5
28 44 64.39
28 45 9.86
28 46 25.86
28 47 79.52
28 48 99.87
28 49 68.98
29 30 17.27
29 34 25.71
29 35 98.27
29 36 6.4
29 37 63.59
29 38 33.7
29 39 96.42
29 40 25.47
29 41 22.24
29 42 40.62
29 43 45.56
29 44 8.37
29 45 19.23
29 46 94.8
29 47 57.55
29 48 18.85
29 49 27.01
30 31 49.28
30 32 34.1
30 33 90.99
30 35 55.63
30 36 74.04
30 37 20.1
30 38 96.53
30 39 51.45
30 40 15.72
30 41 98.37
30 42 33.46
30 43 95.69
30 44 4.32
30 45 30.14
30 46 62.44
30 47 37.65
30 48 18.4
30 49 17.82
31 32 51.72
31 33 84.01
31 34 53.85
31 35 35.56
31 36 26.31
31 37 16.58
31 38 25.6
31 39 33.98
31 40 55.41
31 42 46.23
31 45 66.05
31 47 62.96
31 48 17.46
32 33 60.93
32 35 84.54
32 36 23.54
32 37 94.42
32 38 99.77
32 39 98.16
32 40 32.76
32 41 96.3
32 42 9.92
32 43 94.66
32 44 13.64
32 46 4.84
32 47 76.83
32 48 57.46
33 34 41.66
33 35 85.14
33 36 93.79
33 37 31.29
33 39 3.61
33 40 53.87
33 41 22.13
33 42 39.01
33 43 41.92
33 44 49.66
33 45 14.69
33 47 65.56
33 49 95.53
34 36 11.54
34 37 99.13
34 38 87.14
34 39 59.07
34 40 20.4
34 41 6.5
34 42 81.37
34 43 36.43
34 44 69.11
34 45 43.17
34 46 89.75
34 47 45.19
34 48 25.8
35 36 66.65
35 37 68.68
35 39 57.61
35 40 57.92
35 41 27.67
35 43 99.0
35 44 73.46
35 45 48.27
35 46 38.95
35 47 32.8
35 49 82.01
36 37 26.55
36 38 46.99
36 39 24.63
36 40 30.32
36 42 22.79
36 43 59.03
36 44 95.04
36 45 35.6
36 46 90.23
36 47 23.33
36 48 54.67
37 38 51.66
37 39 42.19
37 40 65.54
37 41 29.06
37 42 89.98
37 43 68.81
37 44 63.33
37 46 30.18
37 47 95.97
37 48 64.42
37 49 17.13
38 39 25.9
38 40 59.47
38 42 36.48
38 43 80.14
38 44 20.64
38 45 31.71
38 46 8.68
38 47 1.73
38 48 32.61
38 49 3.58
39 40 92.65
39 41 28.7
39 42 13.65
39 43 26.24
39 44 65.41
39 45 56.41
39 47 5.54
39 48 68.87
39 49 26.05
40 41 75.75
40 43 19.78
40 44 27.77
40 46 27.48
40 47 78.99
40 48 74.15
40 49 46.18
41 43 53.12
41 44 9.27
41 45 50.97
41 46 18.36
41 48 54.09
41 49 60.55
42 43 35.89
42 44 37.24
42 45 13.15
42 46 49.38
42 47 10.48
42 48 35.86
43 45 3.48
43 47 65.29
43 48 95.47
43 49 74.18
44 46 34.95
44 47 41.83
44 48 19.79
44 49 64.12
45 46 23.93
45 48 39.91
45 49 91.19
46 48 94.52
46 49 32.48
47 48 26.44
47 49 32.21
48 49 14.39
